/*--------------------------------*- C++ -*----------------------------------*\
  =========                 |
  \\      /  F ield         | OpenFOAM: The Open Source CFD Toolbox
   \\    /   O peration     | Website:  https://openfoam.org
    \\  /    A nd           | Version:  7
     \\/     M anipulation  |
\*---------------------------------------------------------------------------*/
FoamFile
{
    version     2.0;
    format      ascii;
    class       volScalarField;
    location    "0";
    object      thickness;
}
// * * * * * * * * * * * * * * * * * * * * * * * * * * * * * * * * * * * * * //

dimensions      [0 0 0 0 0 0 0];

internalField   uniform 0;

boundaryField
{
    defaultFaces
    {
        type            empty;
    }
    AortaInlet
    {
        type            fixedValue;
        value           nonuniform List<scalar> 
82
(
0
0
0
0
0
0
0
0
0
0
0
0
0
0
0
0
0
0
0
0
0
0
0
0
0.000389358
0.000263881
0.000384578
0.000349732
9.23615e-05
9.73101e-05
0.000166085
4.58539e-05
9.22895e-05
4.20941e-05
0.000104711
9.42165e-05
0.000225745
4.5217e-05
9.12479e-05
4.18257e-05
0.000153602
0.000231755
9.72191e-05
0.000236592
0.000132246
0.000222444
0.000105856
0.000203558
0.000352818
0.000234816
0.00014814
0.00038666
0.000336262
0.000513221
0.000487969
0.000328772
0.000327835
0.00048605
9.32002e-05
0.000200531
9.29153e-05
8.96254e-05
4.23964e-05
0.000254825
9.70151e-05
0.000209183
9.461e-05
4.34785e-05
0.000143565
8.85059e-05
0.000115651
0.000283967
0.000254936
9.86173e-05
0.000211075
9.24427e-05
9.78913e-05
9.36006e-05
0.000249652
0.000245678
6.3494e-05
4.28932e-05
)
;
    }
    AortaOutlet
    {
        type            fixedValue;
        value           nonuniform List<scalar> 
62
(
0
0
0
0
0
0
0
0
0
0
0
0
0.000172554
0.000368158
0.000109777
0.00022971
0.000273126
0.000261646
0.000216721
0.000109507
8.94329e-05
0.000113864
0.000422947
0.000448015
0.000294843
0.000413923
6.28322e-05
8.67443e-05
9.10882e-05
0.000188111
0.000108871
9.47031e-05
0.000261668
0.000214953
4.42373e-05
4.81784e-05
0.000150616
0.000364546
0.000237498
0.000267431
0.0001533
8.76558e-05
8.86e-05
0.000284081
0.000107482
4.78517e-05
9.74509e-05
9.21182e-05
8.49116e-05
4.71067e-05
0.000143494
9.52851e-05
8.49538e-05
4.24859e-05
0.000274249
9.46472e-05
4.18347e-05
4.4797e-05
0.000236997
9.12702e-05
4.64708e-05
5.71128e-05
)
;
    }
    AortaWall
    {
        type            fixedValue;
        value           nonuniform List<scalar> 
6739
(
0
0
0
0
0
0
0
0
0
0
0
0
0
0
0
0
0
0
0
0
0
0
0
0
0
0
0
0
0
0
0
0
0
0
0
0
0
0
0
0
0
0
0
0
0
0
0
0
0
0
0
0
0
0
0
0
0
0
0
0
0
0
0
0
0
0
0
0
0
0
0
0
0
0
0
0
0
0
0
0
0
0
0
0
0
0
0
0
0
0
0
0
0
0
0
0
0
0
0
0
0
0
0
0
0
0
0
0
0
0
0
0
0
0
0
0
0
0
0
0
0
0
0
0
0
0
0
0
0
0
0
0
0
0
0
0
0
0
0
0
0
0
0
0
0
0
0
0
0
0
0
0
0
0
0
0
0
0
0
0
0
0
0
0
0
0
0
0
0
0
0
0
0
0
0
0
0
0
0
0
0
0
0
0
0
0
0
0
0
0
0
0
0
0
0
0
0
0
0
0
0
0
0
0
0
0
0
0
0
0
0
0
0
0
0
0
0
0
0
0
0
0
0
0
0
0
0
0
0
0
0
0
0
0
0
0
0
0
0
0
0
0
0
0
0
0
0
0
0
0
0
0
0
0
0
0
0
0
0
0
0
0
0
0
0
0
0
0
0
0
0
0
0
0
0
0
0
0
0
0
0
0
0
0
0
0
0
0
0
0
0
0
0
0
0
0
0
0
0
0
0
0
0
0
0
0
0
0
0
0
0
0
0
0
0
0
0
0
0
0
0
0
0
0
0
0
0
0
0
0
0
0
0
0
0
0
0
0
0
0
0
0
0
0
0
0
0
0
0
0
0
0
0
0
0
0
0
0
0
0
0
0
0
0
0
0
0
0
0
0
0
0
0
0
0
0
0
0
0
0
0
0
0
0
0
0
0
0
0
0
0
0
0
0
0
0
0
0
0
0
0
0
0
0
0
0
0
0
0
0
0
0
0
0
0
0
0
0
0
0
0
0
0
0
0
0
0
0
0
0
0
0
0
0
0
0
0
0
0
0
0
0
0
0
0
0
0
0
0
0
0
0
0
0
0
0
0
0
0
0
0
0
0
0
0
0
0
0
0
0
0
0
0
0
0
0
0
0
0
0
0
0
0
0
0
0
0
0
0
0
0
0
0
0
0
0
0
0
0
0
0
0
0
0
0
0
0
0
0
0
0
0
0
0
0
0
0
0
0
0
0
0
0
0
0
0
0
0
0
0
0
0
0
0
0
0
0
0
0
0
0
0
0
0
0
0
0
0
0
0
0
0
0
0
0
0
0
0
0
0
0
0
0
0
0
0
0
0
0
0
0
0
0
0
0
0
0
0
0
0
0
0
0
0
0
0
0
0
0
0
0
0
0
0
0
0
0
0
0
0
0
0
0
0
0
0
0
0
0
0
0
0
0
0
0
0
0
0
0
0
0
0
0
0
0
0
0
0
0
0
0
0
0
0
0
0
0
0
0
0
0
0
0
0
0
0
0
0
0
0
0
0
0
0
0
0
0
0
0
0
0
0
0
0
0
0
0
0
0
0
0
0
0
0
0
0
0
0
0
0
0
0
0
0
0
0
0
0
0
0
0
0
0
0
0
0
0
0
0
0
0
0
0
0
0
0
0
0
0
0
0
0
0
0
0
0
0
0
0
0
0
0
0
0
0
0
0
0
0
0
0
0
0
0
0
0
0
0
0
0
0
0
0
0
0
0
0
0
0
0
0
0
0
0
0
0
0
0
0
0
0
0
0
0
0
0
0
0
0
0
0
0
0
0
0
0
0
0
0
0
0
0
0
0
0
0
0
0
0
0
0
0
0
0
0
0
0
0
0
0
0
0
0
0
0
0
0
0
0
0
0
0
0
0
0
0
0
0
0
0
0
0
0
0
0
0
0
0
0
0
0
0
0
0
0
0
0
0
0
0
0
0
0
0
0
0
0
0
0
0
0
0
0
0
0
0
0
0
0
0
0
0
0
0
0
0
0
0
0
0
0
0
0
0
0
0
0
0
0
0
0
0
0
0
0
0
0
0
0
0
0
0
0
0
0
0
0
0
0
0
0
0
0
0
0
0
0
0
0
0
0
0
0
0
0
0
0
0
0
0
0
0
0
0
0
0
0
0
0
0
0
0
0
0
0
0
0
0
0
0
0
0
0
0
0
0
0
0
0
0
0
0
0
0
0
0
0
0
0
0
0
0
0
0
0
0
0
0
0
0
0
0
0
0
0
0
0
0
0
0
0
0
0
0
0
0
0
0
0
0
0
0
0
0
0
0
0
0
0
0
0
0
0
0
0
0
0
0
0
0
0
0
0
0
0
0
0
0
0
0
0
0
0
0
0
0
0
0
0
0
0
0
0
0
0
0
0
0
0
0
0
0
0
0
0
0
0
0
0
0
0
0
0
0
0
0
0
0
0
0
0
0
0
0
0
0
0
0
0
0
0
0
0
0
0
0
0
0
0
0
0
0
0
0
0
0
0
0
0
0
0
0
0
0
0
0
0
0
0
0
0
0
0
0
0
0
0
0
0
0
0
0
0
0
0
0
0
0
0
0
0
0
0
0
0
0
0
0
0
0
0
0
0
0
0
0
0
0
0
0
0
0
0
0
0
0
0
0
0
0
0
0
0
0
0
0
0
0
0
0
0
0
0
0
0
0
0
0
0
0
0
0
0
0
0
0
0
0
0
0
0
0
0
0
0
0
0
0
0
0
0
0
0
0
0
0
0
0
0
0
0
0
0
0
0
0
0
0
0
0
0
0
0
0
0
0
0
0
0
0
0
0
0
0
0
0
0
0
0
0
0
0
0
0
0
0
0
0
0
0
0
0
0
0
0
0
0
0
0
0
0
0
0
0
0
0
0
0
0
0
0
0
0
0
0
0
0
0
0
0
0
0
0
0
0
0
0
0
0
0
0
0
0
0
0
0
0
0
0
0
0
0
0
0
0
0
0
0
0
0
0
0
0
0
0
0
0
0
0
0
0.000375263
0.000543442
0.000999773
0.000877196
0.00087712
0.000874429
0.00196096
0.000642406
0.000742839
7.82712e-05
0.0019998
0.000967445
0.000769166
0.000931144
0.000184318
0.000810575
0.000874279
0.000655873
0.000253187
0.000658077
0.000928158
0.000974245
0.000870891
0.000885748
0.000779142
0.000837568
0.000521122
4.49242e-05
8.97229e-05
0.000989024
0.000740463
0.000461172
0.000209774
0.000550423
0.000824585
0.000960059
0.000980154
0.000225881
0.00096567
0.000966946
0.000863123
0.000614572
0.000188092
0.000696888
0.000190533
0.000464805
0.000188385
0.000471164
0.001
0.000154565
0.000438068
0.000730608
0.00082437
0.000440249
0.000998837
0.000999975
0.00199137
0.00150422
0.000483609
0.00199991
0.00199931
0.00199748
0.000685827
0.000994928
0.00163081
0.00199816
0.00137798
0.000707419
0.002
0.00199983
0.00144766
0.00199997
0.00175523
0.0015269
0.00198571
0.001734
0.00184453
0.000999994
0.000650443
0.000997179
0.000722957
0.000324338
0.000943953
0.000869801
0.00096729
0.000264152
0.000798362
0.00058476
0.000993224
0.000889055
0.00099998
0.000977142
0.000479046
0.000757077
0.000171652
0.000582109
0.000999976
0.000356758
0.00137976
0.00199872
0.00199551
8.03765e-05
0.000385654
0.000882592
0.00101119
0.00193046
0.00195986
0.00199978
0.00026953
0.000958916
0.00199972
0.00137588
0.000968504
0.000426039
0.00187123
0.00199874
0.000141553
0.00111786
0.00199586
0.000812413
0.000568362
0.000532026
0.00042702
0.000223389
0.00044622
0.000207652
0.00099843
0.000244525
0.000592018
0.000991398
0.00099672
0.000997346
0.000271581
0.000922635
0.000999986
0.000675289
0.00127882
0.000394917
0.00195347
0.000249143
0.00197581
0.000378032
0.00105561
0.00199457
0.00199947
0.00178464
0.00187104
0.00199998
0.00199926
0.00112693
0.00158909
0.00199776
9.52451e-05
0.00199967
0.00120117
0.00180392
0.00150716
0.00105443
0.0018309
0.00136417
0.000171409
0.00188717
0.00199967
0.000140355
0.000998101
0.00102127
0.00142682
0.000841482
0.000998977
0.000815573
0.0019907
0.000536016
0.001981
0.000999529
0.000448367
0.000999518
0.000795775
0.000385664
0.000708048
0.000526033
0.00014093
0.000131239
0.000320201
6.99489e-05
0.000746295
0.000785223
0.000341071
0.000446907
0.000465215
0.000392758
0.000227639
0.00197328
0.00105767
0.000568423
0.0009722
0.000975872
0.000522495
0.00199761
0.000198475
0.00199422
0.0019993
0.00199784
0.000779558
0.000983186
0.000960596
0.000994993
0.000975932
0.00199562
0.00199667
0.00198142
0.000834928
0.000459959
0.000455092
0.00192311
0.00195759
0.00191861
0.00199334
0.00197468
0.00099993
0.000722276
0.000999976
0.000999669
0.000979844
0.000470609
0.000221737
0.000961883
0.000179747
0.000995574
0.000969708
0.000973288
0.000230153
0.000957195
0.000256809
0.000910482
0.000463805
0.000988644
0.000992771
8.93925e-05
0.000997709
0.00099727
0.000202311
0.000648406
0.000979286
0.00121575
0.001
0.000999881
0.000920873
0.00121242
0.000234277
0.000545519
0.000213653
0.000994239
0.00117286
0.00185233
0.00196605
0.00199449
0.00198819
0.00190959
0.00176919
0.000234804
0.00133963
0.00123885
0.00199398
0.000167638
7.01391e-05
0.000837707
0.000520374
0.000678908
0.00102779
0.00199999
0.002
0.000986595
0.00109579
0.00131059
0.00123139
0.00170667
0.00171716
0.000395159
0.000973378
0.00192555
0.00199253
0.00197804
0.00199991
0.00199859
0.002
0.00199999
0.002
0.00160068
0.00199772
0.00199984
0.00199999
0.002
0.000631616
0.000893112
0.002
0.002
0.00186881
0.0019079
0.00183936
0.00116413
0.00160283
0.00160991
0.00171066
0.00181336
0.002
0.00199973
0.002
0.002
0.002
0.000715864
9.97823e-05
0.002
0.00175276
0.00199924
0.00194839
0.00140391
0.00197395
0.00195145
0.00198719
0.00190684
0.002
0.002
0.00199946
0.00198558
0.00175978
0.00178304
0.00189782
0.00197353
0.00199927
0.00013942
0.000308505
0.000995597
0.000444784
0.000515421
0.00155506
0.00145863
0.00199412
0.00185966
0.00194293
0.000996713
0.000449812
0.000121722
0.000381296
0.000912169
0.000998243
0.000294102
0.000245406
0.000465173
0.000826165
0.000775024
0.000239798
0.000933186
0.000832801
5.23853e-05
0.00073065
0.000997224
0.000164231
0.000536153
0.000506136
4.65606e-05
0.000644386
0.000134459
0.000367051
0.000990287
0.000941642
0.000174581
0.000243827
0.000877505
0.000579536
0.000940825
0.000232889
0.000384644
0.000228697
0.000970407
0.000312954
0.000980005
0.000974172
0.000771825
0.000712621
0.000910672
0.000582695
0.000191759
0.000140318
0.000995947
0.000963865
0.000993816
0.000726587
0.000979361
0.000123209
0.000134901
0.000666389
7.18028e-05
0.000908591
0.000843748
0.000943143
0.000999922
0.000344405
0.000429253
0.000673655
0.000984145
0.000983465
0.000884609
0.000496024
0.000897877
0.000212194
0.000177086
0.000439238
0.000995169
0.000241045
0.000190388
0.000493627
0.00183813
0.00199819
0.00180018
0.00170107
0.0014662
0.00103824
0.000580779
0.000257414
0.000736042
0.000679471
0.000994767
0.000860103
0.000391146
0.000984741
0.000994164
0.00198256
0.00192635
0.00194101
0.00199069
0.00199963
0.00199836
0.000435189
0.00046674
0.000967743
0.000939863
0.000525198
0.000949957
0.000626955
0.0018797
0.00197718
0.00173196
0.00122397
0.00179679
0.00193698
0.00194718
0.000426486
0.000841854
0.000971144
0.000964864
0.000993093
0.000991696
7.86223e-05
0.000940478
0.000890531
0.000802541
0.000927981
0.000925785
0.00194173
0.00190127
0.00167403
0.00192681
0.00173096
0.00199443
0.00199717
0.000801477
0.00101329
0.00109625
0.000999947
0.00130295
0.00135401
0.00175312
0.00152383
0.000987623
0.00102126
0.00112521
0.000948461
0.000478504
0.000830746
0.000176819
0.000501092
0.000926143
0.000959116
0.000947953
0.000960617
4.54774e-05
0.000484495
0.000136248
0.000728116
0.000964878
0.000762051
0.000971181
0.000999946
0.000999988
0.000401252
0.000611352
4.88774e-05
0.000168999
0.000315678
0.000314282
0.000196485
0.000344553
0.000451518
0.000183762
0.000155897
0.000180577
0.000988692
0.000957687
0.000771514
0.000103037
0.000932081
0.000925672
0.000805923
0.000213563
0.000360976
0.000977459
0.00099378
0.000428854
0.000748642
0.000989771
0.000997974
0.00055123
0.000986398
0.00093538
0.000999459
0.000991782
0.000346079
0.000923675
0.000434446
0.000999898
0.000999337
0.000999973
0.000999873
0.000346099
0.000999155
0.000438092
0.000900732
0.000928124
0.000971274
0.000924078
0.000994089
0.00170261
0.000782288
0.000592522
0.00199183
0.000148058
0.00196047
0.00196987
0.0019635
0.00191377
0.00198957
0.00199397
0.0019984
0.00199823
0.000412374
0.000231277
0.000979861
0.000412296
0.000344515
0.000997876
0.000765825
0.000838475
0.000894185
0.000999309
0.000941471
0.000279554
0.000887062
0.00069032
0.000882981
0.000994115
0.00177727
0.00128405
0.00182088
0.00199997
0.00199999
0.00199962
6.94416e-05
0.00095162
0.00098814
0.0010894
0.001045
0.00171546
0.0018826
0.00192148
0.00196616
0.00170579
0.0016722
0.00188997
0.000940874
0.000886522
0.000972923
0.000971846
0.000910542
0.000340424
0.000691636
0.000999846
0.000741149
0.000996549
0.000999916
0.00116789
0.000573387
0.000977316
0.00099735
0.000980905
0.000787277
0.000998486
0.00199992
0.002
0.002
0.00199999
0.00199571
0.00198552
0.00199918
0.00199998
0.00199984
0.00194695
0.00193499
0.00198988
0.00199795
0.00174762
0.00184314
0.00194855
0.00198935
0.00199772
0.00048448
0.000907019
0.000700177
0.000354415
0.000988188
0.0008891
0.000332965
0.001
0.001
0.000908358
0.000962258
0.00105054
0.00170509
0.00198679
0.00199619
0.00199945
0.00199995
0.0019974
0.00199919
0.00199908
0.00199952
0.00199994
0.00199998
7.67249e-05
0.000396664
0.000526354
0.000653404
0.00016948
8.60848e-05
0.000646895
0.000238553
0.000482791
0.000999919
0.000999948
0.00161787
0.000993627
0.000998933
0.000964311
0.000862013
0.000966633
0.00191069
0.00192087
0.00190091
0.00190687
0.00152503
0.00163866
0.00115486
0.000669549
0.00155926
0.00132221
0.00063655
0.00113002
0.000535868
0.000453027
0.000787114
0.000927321
0.001
0.000999966
0.00099092
0.000231816
0.000944946
0.000936018
0.00105709
0.000997345
0.00100304
0.00104238
0.00072131
0.000270256
0.000150578
0.000667306
0.000744413
4.63891e-05
0.000395948
0.00011089
0.000274011
0.000216391
0.000207658
0.000609772
4.41087e-05
4.35245e-05
4.64582e-05
8.92405e-05
0.000336853
7.56008e-05
0.000365948
0.000699825
0.00071795
0.000377145
0.000782686
6.87435e-05
0.000804187
5.38204e-05
0.000397301
0.00015297
0.000105016
0.000364636
0.000283892
0.000344194
0.000397748
0.000520808
0.000416117
0.000735429
0.00021365
0.000175625
0.000847838
0.000527345
0.000464354
0.00050537
0.000932734
6.82644e-05
0.000881055
0.000742513
0.000292242
0.000910983
0.000752197
0.000189257
0.000352484
0.000907575
0.000933711
0.000727192
9.03211e-05
0.000116846
0.00093368
0.000989599
0.000978973
0.00096327
0.000979231
0.000946298
0.000385928
0.000678732
0.000722151
0.000276226
0.000187609
5.18757e-05
0.000286723
0.000985572
0.000865455
8.01667e-05
0.000356241
0.000999976
0.000999996
0.00099991
0.000999962
9.33607e-05
0.000113772
0.000445563
0.000394368
0.000486996
0.000134717
0.00018152
7.45696e-05
4.43346e-05
0.000312754
0.000876008
0.000801996
0.000988528
0.000721223
0.000264785
0.000571641
0.000973124
0.000900854
0.000343159
0.000557244
0.000714108
0.000820288
0.000939425
0.000101818
0.000957859
0.000907386
0.000874282
0.00117133
0.00123515
0.00150658
0.00154559
0.000337352
0.000999118
0.000999743
0.000998409
0.00187283
0.00197359
0.0019997
0.00199995
0.00199998
0.0019867
0.000849037
0.00111925
0.00158088
0.00132039
0.0019861
0.000147225
0.000774862
0.000845214
0.000340955
0.000817799
0.002
0.002
0.00165103
0.000928292
0.000943192
0.000611284
0.00198493
0.00199991
0.002
0.002
0.002
0.00199866
0.00199174
0.002
0.002
0.002
0.002
0.000928993
0.000726311
0.000952056
0.002
0.002
0.002
0.00199375
0.00129913
0.00134592
0.00199684
0.00198541
0.00189451
0.00196531
0.00190539
0.00199966
0.00199885
0.002
0.002
0.002
0.002
0.000954747
0.000688672
0.000985918
0.000481718
0.000841041
0.00187744
0.00158446
0.00098775
0.000999999
0.000999915
0.000999992
0.00054224
0.000501959
0.000806065
0.000990773
0.000902199
5.16761e-05
0.000377461
0.000156036
0.000123723
0.000642001
0.000621243
0.000384691
0.000798703
0.000917082
0.000978887
0.000917106
0.000212345
0.00079988
0.000998664
0.000999794
0.00099978
0.00099857
0.000984634
0.000997632
0.000997517
0.00098775
0.000244158
0.000566293
0.000346187
0.000799865
0.000999796
0.00099951
0.000796074
0.00015233
0.000994414
0.000957075
0.000987758
0.00099524
0.000985219
0.000225496
0.000206053
8.66436e-05
0.000998217
0.000141276
0.00024719
0.000232073
0.000400368
0.000718881
0.000912814
7.73339e-05
0.000268899
0.000158522
0.0009316
0.00087672
5.1213e-05
0.000719828
0.000997531
0.000998575
0.000999694
0.000981529
0.000990676
0.00099755
0.000673787
0.00026361
0.000975633
0.000999926
0.000999819
0.000636584
0.000924554
0.000995648
0.000989458
0.000980816
0.000322224
0.000275271
0.000290692
0.00020739
0.000999576
0.000999185
0.000999392
0.000844913
0.000108512
0.000825918
0.000905848
0.000952077
0.000993153
0.000996237
0.000235474
0.000999847
0.0009984
0.000921362
7.13215e-05
0.000179865
0.00027992
0.00059747
0.000134314
0.000280067
0.000593342
0.000344421
0.00076537
0.000689804
0.000798917
0.000957249
0.00098755
0.000484184
0.000335427
0.000209457
0.000852304
0.000921219
0.000986448
0.000187124
0.000621762
0.000330653
0.00057059
0.000378345
0.000999734
0.000997793
0.000908475
0.00078125
0.00088309
0.000870278
0.000998051
0.000783583
0.00076839
0.000796419
0.000608507
0.000304412
0.000322809
0.000114152
0.000198712
0.000159157
0.000272091
0.000937665
0.000754293
0.000829603
0.000981265
0.00086971
0.000360637
0.000992468
0.000985993
0.000985107
0.000998151
0.000216847
4.29483e-05
0.000448728
0.000145621
0.000645308
0.000252543
0.000175124
0.000977059
0.000910041
0.000948096
0.00095559
0.000993439
0.00099233
0.000983388
0.000997699
0.00163979
0.00117307
0.00187775
0.00118778
0.00141321
0.00167746
0.00143964
0.00179707
0.0006864
0.000962284
0.000965349
0.00099534
0.000991
0.00098026
0.00110954
0.00158858
0.0018344
0.00150595
0.00191652
0.00162868
0.00177258
0.000763082
0.00192365
0.00195452
0.00119016
0.00135506
0.001
0.000590543
0.000594065
0.000972601
0.000957585
0.000977641
0.000455022
0.000984771
0.000448366
0.000947511
0.000908487
0.000746449
0.002
0.002
0.00199999
0.00199994
0.002
0.002
0.002
0.002
0.002
0.002
0.000176996
0.00190776
0.00191491
0.00199998
0.002
0.00199997
0.00199757
0.00199813
0.00199985
0.000948569
0.00122911
0.00181374
0.00177945
0.00189647
0.00196076
0.0019587
0.00186084
0.000993767
0.000439621
0.0009847
0.000774519
0.000946443
0.000587491
0.000178227
0.000215736
0.00074599
0.000635991
0.000613447
0.000381446
0.000882564
0.000937839
0.000840533
0.00177586
0.00194519
0.00197375
0.00199522
0.00198998
0.00199922
0.00199997
0.00199534
0.00199978
0.00199999
0.00199998
0.002
0.002
0.002
0.002
0.000174659
0.002
0.00199996
0.0019999
0.00199999
0.000377764
0.000564502
0.000713121
0.000948866
0.00117681
0.00116776
0.00161767
0.002
0.002
0.002
0.002
0.000704554
0.00109533
0.0013163
0.00143877
0.001
0.002
0.00199999
0.002
0.002
0.002
0.002
0.002
0.00195965
0.00167523
0.00191125
0.00186222
0.00199903
0.00199998
0.00199994
0.00199992
0.00199999
0.00199992
0.00199944
0.00199936
0.00199914
0.00199939
0.00199994
0.00199994
0.002
0.00199996
0.002
0.002
0.002
0.00199998
0.000664682
0.000557957
0.000612843
0.000493668
0.000694606
0.000694717
0.000470988
0.000153
0.000650598
0.000738001
0.00079786
0.000946092
0.000690246
0.000434943
0.000685221
0.000748653
0.000304428
0.000795962
0.000717092
0.000340012
0.000818335
0.00199997
0.002
0.002
0.002
0.00199672
0.00199959
0.00199973
0.00197732
0.00199915
0.00196835
0.00181394
0.00199083
0.00197049
0.00188462
0.00199045
0.00199772
0.00195075
0.00176511
0.00195755
0.00183428
0.00188189
0.00197432
0.001
0.0014408
0.00103876
0.0015808
0.00159721
0.00171481
0.002
0.002
0.002
0.00199978
0.00199997
0.00199998
0.002
0.002
0.002
0.002
0.002
0.002
0.002
0.002
0.002
0.002
0.002
0.002
0.000908266
0.00024822
0.000748249
0.000327983
0.00076655
0.000313561
0.000263988
0.0019999
0.00199979
0.00199991
0.00199996
0.00195726
0.00194339
0.00179369
0.00199329
0.00194873
0.00172996
0.00199736
0.00199018
0.00117601
0.00186126
0.00173704
0.0012729
0.00168994
0.00166609
0.00121315
0.00124505
0.0017235
0.00199999
0.00199999
0.0019997
0.00199997
0.002
0.002
0.002
0.002
0.002
0.002
0.002
0.00199995
0.002
0.000772664
0.00070043
0.001982
0.00199993
0.00199819
0.00199852
0.00198589
0.0019961
0.00199982
0.00148296
0.00120875
0.00193799
0.00189586
0.00190542
0.00190699
0.0019926
0.00197088
0.00198831
0.00199618
0.0019561
0.00194531
0.00195768
0.00198898
0.00199042
0.00199994
0.002
0.0019872
0.0019999
0.00199999
0.00199999
0.000975595
0.000872819
0.000970909
0.00084999
0.000572943
0.000906932
0.000636416
0.00030875
0.000677231
0.000260042
0.00072248
0.00130365
0.000954154
0.000264618
0.00197628
0.00182796
0.00190112
0.00188554
0.00199073
0.00145892
0.00174284
0.00136064
0.00161009
0.00100442
0.000659771
0.000481803
0.0018519
0.001451
0.00105656
0.00123121
0.00112395
0.000929589
0.000969504
0.000918892
0.000996181
0.000999822
0.00101779
0.000286004
0.000599389
0.000539058
0.000910236
0.000964755
0.000999402
0.000935087
0.000816554
0.000999665
0.000999778
0.000999951
0.000276875
0.00035764
0.000951119
0.000209614
0.000690046
0.000526383
0.000785574
0.000769601
0.000990462
0.00091223
0.000999974
0.000999996
0.000987511
0.00099997
0.000999995
0.000919794
0.000525602
0.000751909
0.000909486
0.000135972
0.000554416
0.000788105
0.000324238
0.000972376
0.000983963
0.000951893
0.000846352
0.000970975
0.000917547
0.000266605
0.000722046
0.000416209
0.000287262
0.000618203
0.000770997
0.000615927
0.000358793
0.00090524
0.000952763
0.000593819
0.000699126
0.000861931
0.000725883
0.00030558
0.000588657
0.00058384
0.000230678
0.000186459
0.000584433
0.00067341
0.000225526
0.000179961
0.000382754
0.000759391
0.000875433
0.000928253
0.000780397
0.000254508
0.000727301
0.000907248
0.000464729
0.000877463
6.96458e-05
0.000649319
0.000432885
0.000829297
0.000464421
0.000243088
0.000605301
0.000774786
0.000885127
0.000980091
0.000955139
0.000912706
0.000335899
0.000731282
0.000953773
0.000914533
0.000906876
0.000988596
0.000952373
0.000983845
0.000910352
0.000981404
0.000996759
0.000985621
0.000995695
0.000869601
0.00024508
0.000601339
0.000862687
0.000729735
0.000939922
0.000987181
0.000894565
0.000977796
0.000966567
0.000688772
0.000364382
0.000609061
0.000970092
0.000994892
0.000994684
0.00097065
0.000996946
0.000996971
0.000998613
0.000998749
0.000808014
0.000912325
0.000917513
0.000569455
0.000242113
0.00030155
0.000946259
0.000348419
0.000971122
0.000978484
0.000969776
0.000884898
0.000995568
0.000999817
0.000998406
8.18816e-05
0.000294259
0.000219308
0.000195152
0.000627801
0.000233793
0.000433361
0.00015204
0.000175918
5.95209e-05
0.000551452
0.000639754
0.000220072
0.000404049
0.000576726
0.000780379
0.000931436
0.000884965
0.000861721
0.000316399
0.000831443
0.000981847
0.000912964
9.44865e-05
0.000311597
0.000134213
4.26107e-05
0.000672225
0.000533602
0.000260913
0.00094253
0.000825923
0.000437028
0.000382856
0.000817039
0.000775693
0.000651357
0.000205109
0.000693975
0.000249915
0.000702365
0.00087737
0.000921713
0.000897456
0.000907425
0.000762306
0.00092491
0.000863271
0.000176338
0.000213822
0.000163649
0.000533053
0.000604469
4.41823e-05
0.000116922
0.000398839
0.000157011
0.000488251
0.000420661
0.000848816
0.00064136
0.000246555
0.000594445
0.000259463
0.000898886
0.000950577
0.000743212
0.000990296
0.000846964
0.000871279
0.000960593
0.000952928
0.000644692
0.000163973
0.000140089
4.34422e-05
0.000107088
8.94671e-05
4.60249e-05
0.000516324
0.000286009
0.0001603
0.000156058
0.000690914
0.000907469
0.000924067
0.000492949
0.000679706
0.000806199
0.000355924
0.000971744
0.000767601
0.000483573
0.000918681
0.000956041
0.00075233
0.000842499
0.000759496
0.000874868
0.000930371
0.000887853
0.000949818
0.000396347
0.000984318
0.000888438
0.00090019
0.000970497
0.000688941
0.000268809
0.000273946
0.000675348
0.000995178
0.000994008
0.000978452
0.000997404
0.000992663
0.000986012
0.000664441
0.000904319
0.000274991
0.000900868
0.000990971
0.000986334
0.000919215
0.000989463
0.000766586
0.000996763
0.000996305
0.000999192
0.000983059
0.00095851
0.000708758
0.000426843
0.000962803
0.00025241
0.000976321
0.000400045
0.000997795
0.000990831
0.000995193
0.000999909
0.000994924
0.000993989
0.000998955
0.00099949
0.000999889
0.000999613
0.000662324
0.000350798
0.000861386
0.000928927
0.000953606
0.000618826
0.000323771
0.000862765
0.000800708
0.000868952
0.000868267
0.000991934
0.000997472
0.000998573
0.000993748
0.000952835
0.000893903
0.000968614
0.000850099
0.000735807
0.000908352
0.00096284
0.000992068
0.000970289
0.000987095
0.000366785
0.00080853
0.000964539
0.000583934
0.000996931
0.000995
0.000996018
0.000998335
0.000989857
0.000881313
0.000965324
0.00093296
0.000778458
0.000974244
0.000980701
0.000983731
0.000989048
0.000997465
0.000993704
0.000999766
0.000999414
0.000999537
0.000999003
0.000241036
0.00057316
0.000215854
0.000694851
0.000878502
0.0009599
0.000862323
0.000949851
0.000968435
0.000981946
0.000955267
0.000900441
0.000890348
0.000575864
0.000184769
0.000230361
5.01359e-05
0.000289449
0.00033953
0.000189215
0.000254603
0.000469862
0.000418907
0.00023978
0.000136571
7.64216e-05
0.000979827
8.74403e-05
5.67029e-05
0.000245783
0.000628741
0.00096394
0.000983022
0.000969405
0.000994737
0.000146874
6.18254e-05
0.000170735
0.000757128
0.000910831
0.000960652
0.000930898
0.000999035
0.000316575
0.000238925
0.00022648
0.000998029
0.000999823
0.000984164
0.000408076
0.000665272
0.000650237
0.00099603
0.000966731
0.000876006
0.00092259
0.000970455
0.00097796
0.000871305
0.000996491
0.000983347
0.000842072
0.000990225
0.000947455
0.000966981
0.000908043
0.000884315
0.000994559
0.000999707
0.00069154
0.000780952
0.000698343
0.000301568
0.000991774
0.000962194
0.00079425
0.000915213
0.000923712
0.000984831
0.000967998
0.000971414
0.000895969
0.000929101
0.000955586
0.000714721
0.000908134
0.00074068
0.000652059
0.000482488
0.000269939
0.000763808
0.000930534
0.000899406
0.000702993
0.00022879
0.001
0.000940752
0.000983878
0.000993852
0.000992741
0.000973062
0.000998558
0.000977087
0.000998333
0.000994611
0.000985155
0.000305261
0.000319558
0.000995205
0.000998582
0.000998458
0.000734827
0.000681998
0.0008845
0.000902949
0.000999996
0.000999986
0.000964615
0.000999967
0.000999704
0.000999997
0.001
0.001
0.000999884
0.000610637
0.000727748
0.000853241
8.67071e-05
0.000989798
0.000991433
0.000606318
0.000247047
0.000619271
0.000661137
0.000852665
0.000963261
0.000847882
0.000920775
0.000273027
0.000497993
6.162e-05
0.000999866
0.000728359
0.000927728
0.000989002
0.000398527
0.000997527
0.000999188
0.000905909
0.000829462
0.000960135
0.000979556
0.000501516
0.00056956
0.000994956
0.000330928
0.000594235
0.00083855
0.000726598
0.000493773
0.000238857
0.000586071
0.000594997
0.0001964
0.000645559
0.001
0.001
0.000230454
0.000230413
0.000210609
0.000224908
7.83852e-05
0.00069436
0.001
0.001
0.000897336
0.000983387
0.000974075
0.000948961
0.000196369
0.000791546
0.000908318
0.000603348
0.000651175
0.000622023
0.00086816
0.000393851
0.000783219
0.000978548
0.000617067
0.000582967
0.000710827
0.000117918
0.000491777
0.000414968
0.000588333
0.000900765
0.000997338
0.000991285
0.000881593
0.000833538
0.000566487
0.000821563
0.000826796
0.000865247
0.00052863
0.000139265
0.000324821
0.000996802
0.000909052
0.00098338
0.000999674
0.000999986
0.000999029
0.000690208
0.000280561
0.000700351
0.000953945
0.000920981
0.000925286
0.000982778
0.000390716
0.000209474
0.000537888
0.000588521
0.000912282
0.000933541
0.000817794
0.000754724
0.000750876
0.00031453
0.000366964
0.001
0.001
0.001
0.001
0.000846247
0.000552798
0.000393389
0.000514319
0.000815433
0.000863042
0.000246298
0.000868425
0.000959213
0.000957078
0.000985406
0.000982776
0.00099771
0.000991763
0.000998752
0.000997651
0.000999589
0.000999939
0.000999791
0.000996853
0.000999975
0.00099977
0.00089458
0.000901736
0.000816213
0.000786495
0.000980662
0.000959809
0.000266549
0.000961591
0.000866837
0.000975839
0.000647352
0.000980188
0.000856734
0.000692015
0.000420674
0.000679632
0.000265292
0.000639701
0.000340014
0.000180479
0.000565275
0.000292358
0.000621515
0.000839704
0.000726525
0.000942869
0.000872101
0.000565436
0.000402729
0.000155859
0.000765221
0.000656973
0.000755696
0.000989022
0.000985191
0.000912137
0.00077826
0.000953584
0.000852025
0.000164615
0.000149962
5.72645e-05
0.000995535
0.000628187
0.000264758
5.07872e-05
0.000516799
0.001
0.001
0.001
0.0008419
0.0008666
0.000324991
0.000651902
0.000888046
0.000646988
0.000418332
0.000906928
0.000732526
0.000791337
0.000647043
0.000417082
0.000914039
0.000640082
0.000731209
0.00088436
0.000885655
0.000676964
0.000773746
0.000796843
0.000599525
0.000825505
0.000955198
0.000998357
0.000998703
0.000998591
0.000997102
0.00097259
0.000369781
0.000809909
0.000545068
0.000885864
0.000662431
0.000321252
0.000783368
0.000903834
0.000993004
0.000284295
0.000400448
0.001
0.000235062
0.000897476
0.00019129
0.00092012
0.000966582
0.000820832
0.001
0.001
0.000877961
0.000974215
0.000706517
0.000434897
0.000734134
0.000426559
0.000200029
0.000871825
0.000750539
0.000737219
0.000928449
0.000860179
0.000630982
0.000949365
0.000857375
0.000765745
0.000982001
0.000981455
0.000443448
0.000728048
0.000744002
0.000624115
0.000217443
0.000434276
0.000676471
0.000264059
0.000688297
0.000364557
0.000999992
0.000996089
0.001
0.000537121
0.000999116
0.000997563
0.000995922
0.000981901
0.000751793
0.000500078
7.3534e-05
0.00056565
0.000171398
0.000208118
0.000471906
0.000829196
0.00094374
0.000940615
0.000827001
0.000592623
0.000164543
0.000217803
0.000576843
0.000844535
0.000592663
0.000935797
0.000989062
0.000971864
0.000968059
0.000990887
0.000995922
0.000975374
0.000915668
0.00095261
0.00098833
0.000999275
0.000984597
0.000998094
0.00095936
0.000999726
0.000999948
0.000999977
0.000995594
0.000999997
0.00099996
0.000997587
0.000999682
0.000992221
0.000999853
0.000998026
0.000999785
0.000999988
0.000999966
0.000999967
0.000909657
0.000914109
0.000570661
0.000762241
0.00076139
0.000776066
0.000631868
0.000794213
0.00095325
0.000934081
0.000984452
0.000826549
0.000409756
0.000999293
0.000752829
0.000556568
0.00190383
0.0019665
0.00195234
0.000590542
0.0010384
0.00129611
0.000157419
0.000164303
0.000135095
0.000498067
0.00199978
0.002
0.000761179
0.0019988
0.00199771
0.00190238
0.00195208
0.00013796
0.000941437
0.000904333
0.000682709
0.000623727
0.000236989
0.000630844
0.000231539
0.000998012
0.000890169
0.000916788
0.000883194
0.000753829
0.000769966
0.000444775
0.000985732
0.000851148
0.000998247
0.00060559
0.000888394
0.000962423
0.000338947
0.000760399
0.000522528
0.000732924
0.000223531
0.000365495
0.000616896
0.000375365
0.000380948
0.000354791
0.000510734
0.000703503
0.000913135
0.00114713
0.000999026
0.00089769
0.000503592
0.000227271
0.00043518
0.000809
0.00199982
0.00199967
0.000869678
0.00114495
0.00141366
0.000995697
0.000999251
0.000999272
0.000989437
0.000723443
0.000525659
0.000199659
0.00199915
0.00199671
0.00199139
0.00198892
0.000614502
0.000942814
0.000909604
0.000900749
0.000900891
0.000185313
0.000215199
0.000430234
0.000882239
0.000971811
0.000862051
0.000378243
0.000355245
0.000660939
0.000181277
0.00020742
0.000503638
0.000571457
0.000199557
0.000809019
0.00068965
0.000957706
0.000888247
0.000618934
0.000114729
0.000370999
0.0002047
0.000225632
0.000141211
0.000778189
0.000897841
0.00094813
0.000986498
0.00089338
0.000999271
0.000988803
0.000997092
0.000959022
0.000624111
0.000116808
5.66225e-05
0.000154326
0.000323814
0.00052063
0.000260728
0.000447254
0.000730998
0.000580132
0.000614508
0.000711548
0.000329401
0.000608644
0.000238737
0.000721325
0.000874814
0.000434309
0.00199825
0.000929237
0.000637396
0.000962618
0.000931637
0.000377628
0.000156036
0.000156775
0.000469593
0.000978364
0.000980927
0.000938166
0.00099765
0.000999833
0.000999939
0.002
0.0019827
0.00197302
0.000995285
0.000998547
0.000984505
0.000990356
0.000996631
0.00143827
0.001
0.00117949
0.001
0.00199995
0.000486352
0.00088467
0.000982216
4.46807e-05
0.000216069
9.13409e-05
0.00139238
0.000370881
0.000434843
0.000822391
0.000633172
0.000731561
0.000934096
0.000895768
0.000253515
0.000630507
0.00023488
0.000643114
0.000863652
0.000268147
0.001
0.00173285
0.00199812
0.00199991
0.000666811
0.000254789
0.00078376
0.000452783
0.000873401
0.000818156
0.00107874
0.001
0.001
0.00151757
0.000963677
0.000954551
0.000241921
0.000796473
0.000995297
0.000999163
0.001
0.000999997
0.000999998
0.000916298
0.00133343
0.000983308
0.000980804
0.000916921
0.000980333
0.000997006
0.000994427
0.000994136
8.48286e-05
0.000638054
0.000138324
6.56925e-05
0.000529155
0.000631186
0.000316613
0.000883551
0.000723998
0.000895441
0.000686628
0.000665027
7.72019e-05
0.000217246
0.000513201
0.000368786
0.000606155
0.000634356
0.000788606
0.000418609
0.000762323
0.000330249
0.000757115
0.000182843
0.000564734
0.000663225
0.000254192
0.000616553
0.000645549
0.000232957
0.000484098
0.000648358
0.000703821
0.000527028
0.000815959
0.000923129
0.000387981
0.000146311
0.00197232
0.00199688
4.34284e-05
0.000935899
0.000985756
0.000983713
0.000945896
0.000156251
0.000426519
0.000352605
0.000927978
0.000969735
0.000941831
0.00094116
0.00076761
0.000883597
0.00086132
0.000634065
0.000862676
0.000637199
0.0019965
0.000319171
0.000329357
0.000727506
0.000597055
0.000713591
0.00110696
0.000999978
0.000999911
0.000824442
0.000426836
0.00199992
0.00194619
0.00019748
0.000478518
0.000181884
0.000440744
0.000577973
0.000966767
0.000905577
0.000934112
0.000806032
0.00028069
0.000640192
0.000626141
0.000721321
0.000858322
0.000379385
0.00198814
0.000226046
0.00013406
0.000579772
0.000159421
0.000999522
0.000997513
0.000945902
0.000979044
0.000993742
0.000446801
0.000141323
0.000485634
0.000999812
0.000999521
0.000999599
0.000993184
0.000998407
0.000998194
7.39064e-05
0.000200154
0.000483687
0.000746929
0.000744185
0.000556646
0.000704259
0.000424458
0.000206738
0.000627234
0.000265044
0.000904577
0.000900066
0.000986363
0.000992909
0.000971007
0.000993463
0.00097503
0.000330177
0.00097394
0.000340458
0.000889165
0.000964556
0.000968267
0.000925134
0.00026464
0.000246691
0.000674112
0.000621027
0.000253864
0.000611266
0.00061842
0.000728108
0.000613934
0.000197463
0.000722822
0.000290127
0.000818314
0.000760123
0.000839866
0.000242554
0.000999278
0.00099984
0.000999853
0.000999743
0.000882285
0.000955292
0.000981097
0.000939426
0.000747027
0.000858721
0.000861969
0.000949323
0.000938038
0.000993565
0.000979346
0.000735671
0.000889442
0.000924135
0.000993803
0.000999393
0.000911675
0.000977926
0.000933573
0.000960663
7.95028e-05
0.000492526
0.000992784
0.000939187
0.000948942
0.000999654
0.000995836
0.000933689
0.000928457
0.000801508
0.000791335
0.000923697
0.000902156
0.000981144
0.000994542
0.000978128
0.000963961
0.00100542
0.000961682
0.00099954
0.000994352
0.000997113
0.000989238
0.000996384
0.000975379
0.000942917
0.000954042
0.000903868
0.000516353
0.000729723
0.000762443
0.000688395
0.000251805
0.000656918
0.000999925
0.000999892
0.000985702
0.000988846
0.000956694
0.000996385
0.00196093
0.00197863
0.0011587
0.00154895
8.20399e-05
7.29306e-05
0.00194455
0.00190459
0.00189635
0.000369556
0.000235114
0.000588545
0.000573436
0.000999778
0.000999876
0.000999865
0.000995929
0.000977174
0.000982063
0.000992938
0.000998497
0.000991893
0.000998642
0.000993582
0.00188652
0.00196073
0.000797326
0.00109455
0.00186323
0.00199964
0.000848725
0.00172815
0.000985096
0.000139477
4.64343e-05
0.000146789
0.000885834
0.000981314
0.000943237
0.000981233
0.000942035
0.000978608
0.000363957
0.000467289
0.000973512
0.000949745
0.00199995
0.00199989
0.000263296
0.002
9.51593e-05
0.00097807
0.000992226
0.00172252
0.0019735
0.000995593
0.000999124
0.000995516
0.000904481
0.000600168
0.000818286
0.000724896
0.000583767
0.000718789
0.000319445
0.002
0.00199999
0.002
0.00199999
0.002
0.002
0.00198976
0.00199573
0.0019943
0.00199458
0.002
0.000504264
0.000453513
0.000267102
0.000129354
0.000550263
0.000996228
0.00199963
0.00199736
0.00199999
0.002
0.002
0.00199998
0.00199872
0.00199719
0.00199999
0.00199991
0.00199987
0.00195307
0.000330758
0.000707734
0.000878712
0.000892413
0.000657907
0.000675065
0.000980415
0.00199999
0.00199979
0.00198404
0.00199894
0.00199963
0.00155611
0.00191244
0.00199844
0.002
0.00199994
0.002
0.000990209
0.000225979
0.000513688
0.000646893
0.000729932
0.000364379
0.000714921
0.000864701
0.000432182
0.000819229
0.000643306
0.000388985
0.000701351
0.000940286
0.000930117
0.000973816
0.000992491
0.000993736
0.00199521
0.00110995
0.00170643
0.00176826
0.000891084
0.000933742
0.000258122
4.76403e-05
0.000114596
0.00099605
0.000983984
0.000999078
0.000994172
0.000955172
0.00163033
0.00199758
0.0019774
0.0019865
0.00156033
0.00147557
0.00177355
0.000999394
0.000999918
0.000999983
0.000999989
0.00098964
0.000999383
0.000998261
0.000251448
0.000154571
6.11442e-05
4.47998e-05
0.000131779
0.000145398
0.000966829
0.000401498
0.000861422
0.00137668
0.00110594
0.000302176
0.000674244
0.000221885
0.000596054
0.000506314
6.2232e-05
0.000232833
0.000150357
5.03051e-05
0.000218628
0.000999996
0.000956546
0.000980536
0.000993431
0.000997841
0.000997686
0.000505397
0.000405523
0.000245224
0.000422049
0.000339807
0.000733416
0.000824705
0.000102814
5.08186e-05
0.000149166
5.9703e-05
0.000150652
0.000341494
0.000419331
0.000226397
0.00051519
5.19956e-05
0.00024739
0.000320057
7.25913e-05
0.000139643
0.000529206
0.00079104
0.000683598
0.000323297
0.000951116
8.88164e-05
0.000880438
0.000764634
0.000672559
0.000821315
0.000115013
0.000845148
0.00099555
0.000972072
0.000905777
0.000986634
0.000952868
0.000326318
0.000845568
0.000276084
8.94164e-05
0.000183694
0.000783178
0.000520545
0.000763253
0.000385089
0.000995787
0.000990227
0.000993762
0.000997817
0.000990315
0.000993805
0.000989827
0.000994375
0.000986133
0.000861463
0.000784572
0.000647133
0.000882755
0.000859391
0.000958464
0.000961055
0.000866354
0.000914717
0.00095132
0.000348543
0.0005883
0.000661121
0.000793273
0.00069789
0.000865247
6.58051e-05
0.000485735
0.00024767
0.000652135
0.000210427
0.000196123
0.000202347
0.000580006
0.000217057
0.000381846
0.000196582
0.000537774
5.76382e-05
0.000146259
0.000413959
0.000168083
0.000894063
0.000974548
0.000840987
0.000902169
0.000343798
0.000910766
0.000956967
0.000913793
0.000910743
0.0009712
0.000797373
0.000712043
0.000530372
0.000717105
0.000838467
0.00048553
0.000761043
0.00076654
0.000734342
0.000485352
0.000390328
0.00094864
0.00098612
0.000922405
0.000976423
0.000276244
0.000964887
0.000957226
0.000230299
0.00024976
0.00017842
0.000425056
0.000221245
0.000387999
0.000241888
0.000633138
0.000638921
0.000238351
0.000928803
0.000863841
0.000958892
0.000863724
0.00025612
0.000450472
0.000722408
0.000648808
0.000659268
0.000455793
0.000838747
0.000746122
0.00075247
0.000673507
0.000264111
0.000272577
0.000684276
0.000595114
0.000693434
0.000839977
4.30232e-05
0.000920775
0.000945656
0.000896136
0.000854932
0.000895872
0.000874259
0.000990465
0.000972269
0.000992704
0.00099742
0.000998615
0.000997806
0.000999526
0.000998957
0.00075375
0.00086681
0.000153824
0.00013817
0.000121259
0.000176439
0.00116399
0.000922926
0.000981715
0.000998677
0.000994778
0.000458697
0.000596788
0.000830911
0.000845983
0.000959692
0.000860895
0.000982789
0.000526274
0.000911477
0.000718004
0.000863452
0.00056522
0.000581679
0.0010542
0.00096373
0.000841802
0.000844503
0.000926575
0.000939393
0.00089467
0.000833611
0.000877495
0.000879023
0.0009392
0.000877469
0.000950814
0.000600329
0.000808903
0.000863917
0.000828856
0.000850184
0.000925555
0.000701416
0.000235104
0.000437914
0.000738339
0.000269738
0.000653498
0.000890173
0.000885728
0.000947843
5.9809e-05
0.000303461
0.000938663
0.000972735
0.000884323
0.000958649
0.000962032
0.000982345
0.000973506
0.000221458
0.000103804
0.000151598
0.00185358
0.00198112
0.00142974
0.00112778
0.000760817
0.000863696
0.000992915
0.000963874
0.000996982
0.000992191
0.000993063
0.00131227
0.000357542
0.00133361
0.000915312
0.000909322
0.000998787
0.000970877
0.000982219
0.00099655
0.000980291
0.000997737
0.000990767
0.000995469
0.000872788
0.000967295
0.00198159
0.00198552
0.0019973
0.000970212
0.000312455
0.000912397
0.000804858
0.000961111
0.000975707
0.000825817
0.000943618
0.000878672
0.000121757
0.000925994
0.000888793
0.000900938
0.00093157
0.000824193
0.000830542
0.000542015
0.0008486
0.0005941
0.000322407
0.000129809
0.000256687
0.000293393
5.52183e-05
0.00010888
0.00075721
0.000365901
8.70734e-05
8.59583e-05
0.000641754
0.000387695
0.000997337
0.000783268
0.00080768
0.000940621
0.000986542
0.000356876
0.000329352
6.58481e-05
0.000472626
0.000143076
4.58062e-05
0.000140096
0.000757958
0.000684061
0.000629016
0.000664052
0.000391775
0.00196587
0.00199346
0.00199709
0.00194878
0.0019905
0.00198489
7.8487e-05
0.000319263
0.000502679
0.000892238
0.000891865
0.000428846
0.000757368
0.000916156
0.000922619
0.000944947
0.000855598
0.000960326
0.000991246
0.000991011
0.000997386
0.000993874
0.00099664
0.000949072
0.000974493
0.000184522
0.000422153
0.000782091
0.000870172
0.000931922
0.000984118
0.000839592
0.000709068
0.000962869
0.000885652
0.000957849
0.000771373
0.000973755
0.00093091
0.00196094
0.000895362
0.000870061
0.000602152
0.000462775
0.000776558
0.000550033
0.000723296
0.000606232
0.000324631
0.000849011
0.00064942
0.000234989
0.000334487
0.000107007
4.9898e-05
0.000704944
0.000248763
0.000631997
0.000429371
0.000178652
0.000449697
0.000889873
0.000754784
0.000556588
0.00169629
0.000921222
0.00064084
0.00091288
0.000929148
0.000851917
0.00069327
0.000226316
0.000912705
0.000611319
0.000663086
0.000634457
0.000794079
0.000469827
0.000691377
0.00021984
0.000864883
0.000894019
0.000959032
0.000837547
0.000717866
0.000682456
0.000419097
0.00065381
0.000634494
0.000794544
0.000483138
0.000731468
0.000678145
0.000896326
0.000832372
0.000773301
0.00033097
0.000650119
0.000999999
0.000999895
0.000999991
0.000999986
0.000999999
0.000846811
0.000998092
0.000997607
0.000989455
0.00098841
0.000982354
0.000993892
0.000981885
0.000952615
0.000510596
0.000475433
0.00093717
0.000279652
0.000715272
0.000401747
9.2847e-05
0.000145283
0.000212633
8.44361e-05
0.000198646
0.000253526
0.000722187
0.000428058
4.61025e-05
7.00239e-05
0.000188349
0.000995952
0.000963543
0.000987634
0.000994742
0.000997681
0.000994546
0.00081236
0.000718791
0.000978677
0.000905407
0.000945121
0.000968889
0.000937925
0.000908222
0.00093027
0.00094466
0.000841735
0.000899626
0.000985342
0.000962937
0.000961031
0.000751309
0.000753753
9.61909e-05
0.000123653
0.000354452
4.49779e-05
0.000182769
0.000209247
0.000996448
0.000997183
0.000993978
0.000986509
0.000996354
0.000992544
0.000976659
0.000183025
0.00039922
0.000519087
0.000201531
0.000340484
0.000498745
0.000773954
0.000847643
0.000859049
0.000869409
0.000811662
0.00086703
0.00082394
0.000927363
0.000274956
0.000679275
0.000590296
0.000324946
0.000936546
0.000956299
0.000987121
0.000856974
0.000645651
0.000866015
0.000940414
0.000802212
0.000999137
0.000995336
0.000997558
0.000999171
0.000995774
0.000943944
0.000866694
0.000986591
0.00098692
0.000998103
0.000992095
0.000594666
0.000271208
0.000169547
0.000665395
0.000770274
0.000564939
0.000767537
0.000900539
0.000841002
0.000974757
0.000886485
0.000967888
0.000827826
0.000934564
0.00012222
0.000334941
0.000796662
0.000578671
0.000999601
0.000999985
0.000939425
0.000996778
0.000997342
0.0009997
0.000999996
0.00099996
0.000999669
0.000998057
0.000712249
0.000986746
9.91173e-05
0.000221384
0.000901871
0.000251729
0.000689405
0.000968191
0.00092865
0.000738877
0.000996992
0.000913466
0.000992421
0.000793073
0.000975236
0.000999299
0.000990799
0.000998601
0.000311548
0.000508996
0.000302041
0.000222274
0.000629514
0.00057607
0.000557462
0.000521215
0.000538529
0.000246691
0.000589166
0.000869015
0.000753345
0.000192868
0.000466507
0.00090827
0.000972925
0.00087875
0.000912633
0.00077021
0.000937898
0.000639597
0.00021993
0.000221772
0.000736375
0.000942064
0.000912255
0.000663817
0.00017445
0.00198269
0.00199782
0.00199923
0.00140895
0.00189892
0.00179213
0.00199355
0.00198901
0.0019879
0.00199867
0.00199736
0.00197197
8.54449e-05
0.000605137
5.66702e-05
0.000453024
0.00042921
0.000925791
0.000834687
0.000957785
0.000879127
0.000620011
0.000207561
0.000584391
0.000595471
0.000372468
0.000985345
0.000998889
0.000860634
0.000943014
0.000979286
0.000319826
0.000566332
0.000808955
0.000878963
0.000981724
0.000966271
0.000899946
0.000995685
0.000638582
0.000756829
0.000983472
0.00027166
0.000708595
0.000681353
0.00130886
0.000980827
0.00160936
0.00116484
0.00150026
0.00110588
0.002
0.002
0.002
0.002
0.00199986
0.00199997
0.002
0.002
0.000166347
5.60787e-05
0.000265418
0.00020234
0.000194987
0.000704163
0.000487878
0.000721666
0.000937765
0.00132746
0.00157867
0.001738
0.00147183
0.00191325
0.0018851
0.00187082
0.0019771
0.00197542
0.000999896
0.000999988
0.000999873
0.000999967
0.000999483
0.000999718
0.000996182
0.000999934
0.000996673
0.000990306
0.000439652
0.000655808
0.000258351
0.000754485
0.00085684
0.000731298
0.000692282
0.000277841
0.000984365
0.000840888
0.000729066
0.000861077
0.000488839
0.000756943
0.000761704
0.000715871
0.000429783
0.000918966
0.00099975
0.00149804
0.00117552
0.000999627
0.00112155
0.00148404
0.000989685
0.000991419
0.000995303
0.000996517
0.00199999
0.00199957
0.002
0.00199912
0.00199727
0.00198907
0.00191884
0.00198389
0.000772292
0.00027073
0.000286888
0.000653668
0.000701423
0.000326649
0.000724803
0.000693776
0.000274828
0.000266834
0.000239688
0.000985166
0.000992915
0.000997112
0.000999561
0.000997128
0.000994042
0.000998949
0.000991723
0.000998748
0.000193517
0.000759443
0.00054262
0.000853113
0.0006641
0.00094223
0.00091649
0.000483198
0.000421661
0.000871245
0.000937702
0.000484487
0.000747923
0.000798858
0.000972398
0.000881867
0.000942055
0.000475716
0.000867652
0.000366042
0.000974962
0.000889038
0.0012743
0.00136615
0.00115606
0.001
0.001
0.001
0.00118819
0.001
0.001
0.001
0.001
0.001
0.001
0.0016137
0.00127694
0.00199554
0.000480475
0.000739447
0.000590065
0.000264386
0.000273183
0.000581052
0.000803108
0.000837185
0.00104099
0.000841126
0.000984729
0.000972538
0.000630468
0.00102855
0.0010771
0.000646263
0.000862617
0.000680499
0.000894403
0.000885065
0.000984083
0.0009134
0.000234792
0.000965734
0.000935627
0.000999446
0.000993499
0.00099831
0.000999955
0.000280699
0.000194178
0.000976038
0.000983261
0.00099936
0.000999815
0.000999163
0.000996766
0.00107697
0.000950694
0.00119329
0.00123113
0.00115565
0.00115634
0.00134465
0.00130032
0.00161521
0.000998757
0.000993621
0.000994192
0.000991122
0.000998979
0.000727154
0.00162519
0.00199544
0.000138105
0.000863413
0.000805913
0.000722551
0.000962574
0.000819148
0.000841018
0.000576614
0.00114422
0.0011037
0.001
0.001
0.000999999
0.001
0.000953533
0.00102052
0.00100496
0.000999476
0.000994103
0.000993313
0.000191013
0.000163072
0.000369099
0.000524622
0.000497656
0.000696039
0.000472263
0.000701949
0.000894447
0.000944687
0.000999668
6.59817e-05
8.01327e-05
0.000189024
0.000955086
0.000993066
0.000990906
0.000230367
0.000165611
0.000477697
0.00072298
0.000804057
0.00018611
0.000395718
0.000516577
9.00198e-05
0.000205993
0.00011508
0.00040339
0.000658384
0.000122499
0.000136844
4.27823e-05
0.000189824
0.000188038
0.000365433
0.000261851
0.00068174
0.000270956
7.2458e-05
0.00017912
0.000378211
7.87587e-05
0.000623227
0.00027711
0.000972567
0.000809227
0.000717805
0.000892261
0.000894447
5.31541e-05
5.18615e-05
8.58405e-05
0.000707275
5.78822e-05
7.3672e-05
0.000137413
0.000148575
0.000349754
0.000668211
0.000843207
0.000920193
0.000220981
0.000186256
0.00057237
0.000652082
0.000198917
8.80089e-05
9.37256e-05
0.000244016
0.00061541
4.89008e-05
9.23291e-05
0.000802481
0.000762322
0.000744309
0.000900162
0.00058905
0.000759407
0.000431786
0.000314348
0.000848579
0.000996175
0.000997996
0.000999825
0.000999676
0.000999823
0.000999909
0.000969774
0.000990434
0.000819453
0.000948883
0.000993351
0.000886965
0.000971932
0.000839675
0.000120162
0.000541494
0.000809376
0.000790605
0.000603257
9.34467e-05
0.000953643
0.000967976
0.000997556
0.000789898
0.000370938
5.70763e-05
0.000230417
0.000178004
0.000999996
0.000999326
0.000399503
0.000763536
0.000720823
0.000628656
0.000257669
0.000592968
0.000659792
0.000208798
0.000143681
6.26854e-05
9.76028e-05
0.000189986
0.000769799
0.000920826
0.000239249
0.000426499
8.28583e-05
0.000528591
0.000539324
0.000761738
0.000976429
0.000977705
0.000287222
4.49416e-05
0.000129993
0.00011211
0.000347419
0.000709892
4.46125e-05
9.90881e-05
0.000392094
0.000707292
0.000902913
0.000451747
0.00075526
0.000572953
0.000181809
0.000801123
0.000157125
0.000124146
0.000133367
4.79266e-05
0.000467396
0.00190592
0.00155046
0.00178968
0.0017215
0.0019213
0.000284302
0.00041193
9.37317e-05
0.000896664
0.00070698
0.000753042
0.00091348
0.000849345
0.000970852
0.000948615
0.000916128
0.000925615
0.000646465
0.000624579
0.00037096
0.000795896
0.00064719
0.00093649
0.000725654
0.000315053
0.000595124
0.00199963
0.00199784
0.00199957
0.000922404
0.000832583
0.000347575
0.000617256
0.000792615
0.00112885
0.00158082
0.002
0.002
6.02255e-05
0.000140389
0.00103384
0.000979874
0.00185086
0.00187499
0.00199992
0.00199968
0.00199966
0.00199562
0.000970107
0.00094709
0.00088665
0.00088598
0.000454746
0.000754792
0.000481375
0.000183197
0.00194803
0.00198565
0.00199955
0.00199725
0.001
0.0019998
0.00199998
0.00199998
0.002
0.002
0.002
0.00199993
0.00199893
0.00199911
0.001
0.001
0.001
0.001
0.00190936
0.00191191
0.00185627
0.00196316
0.00199994
0.000915402
0.000449273
0.000731056
0.000719262
0.000452607
0.000831587
0.00195553
0.00185312
0.00187813
0.00196382
0.00199939
0.00199933
0.00199903
0.00175626
0.00115416
0.001
0.001
0.00167916
0.00192045
0.00196544
0.00195948
0.00196606
0.00199999
0.000401577
0.000959029
0.000968169
0.000443325
0.00127548
0.000205472
0.000167335
0.000614251
0.00099839
0.00101549
0.000363993
0.000645529
0.000559317
0.000378646
0.000668862
0.000822217
6.49245e-05
0.000180333
0.000479128
0.000185634
0.000701859
0.000771579
0.000452269
0.000865947
0.000866281
0.000952741
0.000986632
0.000952954
0.000901049
0.000999481
0.000907426
0.000942036
0.000974695
0.000184078
0.000182541
0.000763026
0.000531414
0.000887465
0.000768435
0.000797728
0.000813837
0.00091175
0.000687785
0.000102129
0.000988566
0.000992539
0.000999167
0.000990361
0.00099849
0.000999475
0.000961736
0.000984893
0.000991507
0.000721515
0.000319736
0.00090289
0.000176095
0.000276076
0.000144452
0.000147645
0.000886038
0.000921694
0.000675946
0.000711532
0.000849865
0.000814385
0.000978426
0.000762531
0.00086369
0.000446135
0.000999196
0.000244683
0.00077838
0.000642321
0.000640862
0.000998832
0.000983445
0.00099599
0.000672126
0.000884111
0.000999536
0.000996593
0.00099999
0.000953993
0.000988514
0.000491816
0.000897724
0.000999596
0.00099959
0.000975811
0.000997133
0.000999344
0.000984667
0.000938027
0.000946911
0.000896403
0.000974202
0.000954432
0.000999518
0.000999931
0.000979882
0.000977487
0.000872644
0.00082911
0.000667954
0.00096419
0.000915012
0.0009791
0.000894268
0.000304128
0.000512598
0.000720521
0.000369967
0.000841347
0.000327205
0.000869954
0.000997038
0.000958564
0.00069825
0.000874712
0.000792907
0.000959757
0.000981589
0.000924959
0.000738081
0.000636717
0.000258276
0.00065624
0.000241502
0.000204458
0.000131547
0.000176385
0.000932095
0.000980761
0.00097898
0.000903481
0.000952797
0.000974808
5.93987e-05
0.000446367
0.000169832
0.000158234
0.000318219
0.000185853
0.000228103
0.000660804
0.000954024
0.000978641
0.000931057
0.000930986
0.000950827
0.000767073
0.000913633
0.000725406
0.000813726
0.000280903
0.000539433
0.000107739
0.000270474
0.000628298
0.000831881
0.00089718
0.000691894
0.000463592
0.000888094
0.000918057
0.000768737
0.000778732
0.000780554
0.000807797
0.000144581
5.22541e-05
0.000404063
0.00053589
0.000671273
0.000786789
0.000425376
0.000208873
0.000734705
0.000803559
0.000607966
0.000796729
0.000192868
0.000775616
0.000843773
0.000953042
0.000976595
0.000348963
0.000669449
0.000948165
0.000981947
0.000939479
0.00053509
0.000820379
0.000898164
0.000852807
0.000885302
0.000769445
0.000846029
0.000851335
0.000357417
0.000558508
5.56757e-05
0.0001563
0.000710677
0.000708737
0.000848411
0.0004149
0.000945663
0.0009024
0.00097144
0.00056227
6.65884e-05
0.000176714
0.000938821
0.000731074
0.000992579
0.000999975
0.000999741
0.000986973
0.000994228
0.000997492
0.000976379
0.000985687
0.000941481
0.00099997
0.000999885
0.0009998
0.000999687
0.000999284
0.000995933
0.000987293
0.000702204
0.000931194
0.000967836
0.000924112
0.000998043
0.000991871
0.000994782
0.000999133
0.000586789
0.000950111
0.000974964
0.000910755
0.00053003
0.000377991
0.000412132
0.000170999
0.000407879
0.000458068
0.000165661
0.000402541
0.000246422
0.000237865
0.00038216
0.000831182
0.000883522
0.000241926
0.000589408
0.000631137
0.000215978
0.000718081
0.000972353
0.00083571
0.000299192
0.000996651
0.000115029
0.000863238
0.000897997
0.000782457
0.000745861
0.000547194
0.000179117
0.000197767
0.000503526
0.000120518
0.000127528
4.48272e-05
0.000353312
0.000476255
6.94017e-05
0.00101812
0.00101194
0.00115574
0.000999994
0.000999744
0.000999165
0.000998205
0.000978827
0.000942742
0.000987035
0.000992041
0.000991484
0.00097091
0.000976103
0.000988255
0.000952787
0.000246472
0.000249181
0.000635573
0.000919988
0.000893177
0.000876859
0.000999079
0.000992429
0.000998695
0.000999403
0.00117902
0.000996812
0.00167089
0.00161252
0.00159904
0.0018694
0.00193189
0.0018237
0.00149582
0.00183656
0.001
0.00170204
0.00174682
0.00160102
0.001
0.00178704
0.00151685
0.00148203
0.00182136
0.00189819
0.000626873
0.000999027
0.000999098
0.000993772
0.000998797
0.000960373
0.0016391
0.00123375
0.00168932
0.00198916
0.00179401
0.00084941
0.000949239
0.001
0.001
0.000406009
0.000605407
0.000238097
0.000892939
0.00076533
0.000503262
0.000809961
0.000911117
0.000785318
0.000394088
0.00094565
0.000916682
0.000881903
0.00097838
0.000946946
0.000907416
0.000956106
0.00093657
0.000139211
0.000450816
0.000965647
0.000915266
0.000860317
0.000970635
0.000949156
0.00093301
0.000791195
0.000949615
0.000930887
0.000341464
0.002
0.002
0.000880285
0.000324338
0.000689703
0.000462158
0.000370415
0.000703988
0.000882888
0.002
0.00197654
0.0019749
0.00199997
0.000979694
0.00099478
0.000973343
0.0009275
0.0014212
0.00195748
0.00199154
0.000987376
0.000994709
0.000847822
0.000953331
0.000846184
0.00095464
0.000863233
0.000853251
0.000958798
0.000871954
0.000955133
0.000943142
0.00067603
0.000815245
0.000336194
0.000170424
0.000501445
0.000999793
9.3442e-05
4.82748e-05
0.000336691
0.000108103
0.000485632
0.000191781
4.57011e-05
4.23078e-05
0.000191294
0.00057076
0.000486037
0.000154167
0.000350645
0.000130409
0.000740638
0.000437537
0.000578457
0.000856124
0.000299546
0.000250194
0.00184478
0.00192114
0.00199802
0.00199971
0.0019992
0.0019999
0.002
0.002
0.002
0.002
0.0016504
0.00179628
0.00185617
0.00195911
0.002
0.002
0.002
0.002
0.002
0.002
0.002
0.00199984
0.000991959
0.000968383
0.000996554
0.00099822
0.000998717
0.00142983
0.00110771
0.00113664
0.00103815
0.002
0.00199999
0.002
0.002
0.00199995
0.002
0.00199997
0.00132992
0.00106691
0.001
0.000998035
0.001
0.001
0.002
0.002
0.002
0.002
0.002
0.00197633
0.00199667
0.00197657
0.00197346
0.00199626
0.00199504
0.00199901
0.0019993
0.00199956
0.0019947
0.00199907
0.0019957
0.00199994
0.002
0.00015036
5.52452e-05
0.000410859
0.000160521
0.000644126
0.000281609
0.000731247
0.000604035
0.000420857
0.000202883
0.000220945
0.000527358
0.000539834
0.000689879
0.000962924
0.000548616
0.000886071
0.000231312
0.000236156
0.000336621
0.000455443
0.000615947
0.000964775
0.000878871
0.000979238
0.000993781
0.000995098
0.000997719
0.000998287
0.000992215
0.000997794
0.000992537
0.000998821
0.000986058
0.000994915
0.000996331
0.000429547
0.000740191
0.00199934
0.00199588
0.00199988
0.00199932
0.00199999
0.00199999
0.002
0.002
0.002
0.002
0.002
0.002
0.00199994
0.00188478
0.00197009
0.00195357
0.00196983
0.00199294
0.00198847
0.00199362
0.00199957
0.00199912
0.00199989
0.00199995
0.0019995
0.00199779
0.00199632
0.00199203
0.00198784
0.00192548
0.0011725
0.00164056
0.00185559
0.00197189
0.00192479
0.00181448
0.00199908
0.00199892
0.00199964
0.00199365
0.001
0.001
0.00112726
0.001
0.001
0.001
0.00129041
0.00176933
0.00126857
0.00173227
0.00163175
0.00136842
0.002
0.002
0.002
0.002
0.000228131
0.000383287
0.000796164
0.000632854
0.000685305
0.000239277
0.00025147
0.000279823
0.000958346
0.000847565
0.000225806
0.000613788
0.000602714
0.000814893
0.000846837
0.000841488
0.000968927
0.000933549
0.000667114
0.000787606
0.000979288
0.000893761
0.000937786
0.00082317
0.000677599
0.000372821
0.000813886
0.000797182
0.000953035
0.000986078
0.000984852
0.000973486
0.000984992
0.000909077
0.000960673
0.00086939
0.000920111
0.000837859
0.000454973
0.00074086
0.00073002
0.00037154
4.16999e-05
0.000117693
0.000137571
0.000227716
0.000579957
0.000517159
0.000210388
0.00061254
0.000168313
0.000332916
0.002
0.002
0.00199999
0.00199933
0.00199818
0.00199641
0.00199998
0.00199998
0.00199925
0.00199867
0.00199582
0.00199983
0.00199194
0.00199996
0.00199991
0.00199986
0.00199998
0.00199999
0.00199167
0.00199906
0.00199088
0.00117788
0.00199716
0.00199391
0.00195789
0.00198689
0.00198444
0.00191037
0.00198789
0.00198022
0.0019594
0.0019851
0.00191981
0.001
0.001
0.001
0.001
0.001
0.001
0.00120698
0.00169109
0.00172628
0.00190697
0.00197714
0.00197976
0.00195823
0.00183077
0.00199812
0.00199973
0.002
0.00199807
0.00199976
0.002
0.00199997
0.002
0.002
0.002
0.002
0.000622395
0.000249769
0.000639187
0.000241037
0.000624902
0.000254614
0.000902821
0.000214309
0.000242898
0.000611127
0.000552195
0.000754437
0.000276476
0.00196434
0.00191342
0.00197901
0.00131958
0.00166333
0.00166863
0.00120741
0.000972468
0.00175982
0.00175566
0.00188279
0.00146016
0.00199938
0.0019999
0.00199994
0.00199991
0.00198882
0.0019139
0.00195742
0.00199951
0.0011962
0.00161918
0.00143313
0.00164898
0.00178793
0.001
0.001
0.001
0.001
0.001
0.00166491
0.00189978
0.00184629
0.00171445
0.00189432
0.00170454
0.00199863
0.00197898
0.00199986
0.00199999
0.00199398
0.00199724
0.00199949
0.000855574
0.000990125
0.000977999
0.000969602
0.000459688
0.000655856
0.000772015
0.000745676
0.00087512
0.000903851
0.000949442
0.000903817
0.00096278
0.000967961
0.000973362
0.000966023
0.000915564
0.000866844
0.000596643
0.000691851
0.000724947
0.000850529
0.000860567
0.000544707
0.000988263
0.000999613
0.00107046
0.00163727
0.00119021
0.00156575
0.000312716
0.000338571
9.92407e-05
0.00171097
0.00173667
0.00159138
0.000969672
0.00135794
0.00157502
0.00138139
0.000224938
0.0012637
0.0012462
0.00113649
0.000999934
0.000961742
0.000999996
0.000525317
0.000807066
0.000742431
0.000423677
0.000809224
0.0008992
0.000718367
0.000890732
0.000999999
0.000999854
0.000996941
0.000999778
0.00099985
0.000999419
0.000296373
0.000613614
0.000852552
0.00021343
0.000453421
0.00086461
0.000767126
0.000699892
0.000249177
0.000647397
0.000840294
0.000937662
0.000241969
0.000737622
0.000684885
0.000424761
0.00018051
0.00047375
7.17454e-05
0.000199183
0.000683552
0.000838615
0.000994817
0.000996218
0.000923471
0.000967188
0.000985712
0.000983271
0.000977662
0.000922849
0.000921462
0.000978259
0.000981245
0.000941116
0.000910454
0.000968362
0.000870414
0.000845305
0.000866294
0.000454841
0.000710875
0.000744786
0.000962311
0.000989394
0.000318289
0.00031129
0.000440519
0.000237195
0.000601972
0.000252016
0.000657297
0.000766287
0.00089532
0.000999977
0.000999995
0.000999626
0.00099925
0.001
0.001
0.00024717
0.000119077
0.000774265
0.000769778
0.000610763
0.00026471
0.000882087
0.000870233
0.000669842
0.000191021
0.00099817
0.000995076
0.000980784
0.00099798
0.000997388
0.000999648
0.000999906
0.000996376
0.000988217
0.000999068
0.00099855
0.000996294
0.000994769
0.000999479
0.000998159
0.000999811
0.00099682
0.000999354
9.70308e-05
0.000979904
0.000828616
0.000949074
0.000887905
0.000871744
0.000977286
0.000990944
0.000762349
0.000948508
4.3314e-05
0.000601095
0.000965022
0.000730916
0.000974778
0.000930366
0.000893821
0.000416854
0.000732389
0.000829839
0.000274024
0.000115647
0.000155913
4.52316e-05
0.000913228
0.000658439
0.000880144
0.000975541
0.000994278
0.000743473
0.00090374
0.000146848
7.77899e-05
0.000783789
0.00073265
0.000907764
0.000816417
0.000877346
0.000781211
0.000628141
0.000971658
0.000948222
0.000875763
0.000980874
0.00093617
0.00093473
0.000930045
0.000171921
0.000713838
0.000265204
0.000267278
0.00056485
0.000959314
0.000929916
0.000983749
0.000998399
0.000946098
0.000992709
0.000995804
0.000724262
0.000945066
0.000351318
0.000973304
0.000905181
0.000988649
0.00098068
0.000446495
0.000753058
0.000921258
0.000752271
0.00099215
0.000984249
0.000927931
0.000998595
0.000996675
0.000896571
0.000960218
0.0008705
0.000998339
0.000998444
0.000993333
0.000995691
0.000962792
0.000853143
0.000928773
0.000972004
0.000952051
0.000968439
0.000955147
0.000948505
0.000681904
0.000709375
0.000674479
0.000937796
0.000890175
0.000874657
0.00092039
0.000671974
0.000691691
0.000496332
0.000817263
0.000439126
0.000983862
0.000963211
0.000991202
0.000449866
0.000999682
0.000996871
0.000946625
0.000985883
0.000948577
7.10758e-05
0.000589451
0.000165728
0.000717814
0.000198733
0.000236112
0.000706476
0.000555663
0.000158903
0.000688985
0.000972292
0.000982795
0.000968999
0.00021707
0.000192218
0.00088465
0.000911389
0.00070567
0.000341238
0.00024137
0.0009106
0.00082328
0.000950908
0.000867439
0.000511037
0.000638297
0.000942958
0.000245199
0.000555787
0.000708917
0.000747082
0.00039998
0.000736046
0.000235707
0.000205761
0.00057325
0.000121713
0.000709105
0.000765421
0.000868848
0.000446052
0.000928986
0.000996302
0.000984232
0.000859273
0.000883544
0.000955371
0.000921229
0.000603809
0.000750983
0.00014288
5.11901e-05
0.000733067
0.00065172
0.000247281
0.000686263
0.000186497
4.47987e-05
0.000490955
0.000785641
0.000679463
0.000194855
8.02904e-05
0.000817652
0.000868287
0.000641122
0.000257377
0.000646341
0.000877996
0.000743206
0.000818027
0.000195225
0.000991851
0.00098614
0.000980859
0.000982643
0.000967284
0.000582439
0.000897221
0.000567296
0.000990284
0.000981534
0.000265208
0.000631752
0.000324332
0.000680323
0.000374304
0.0007897
0.000808404
0.000943681
0.000916653
0.000952181
0.000976026
0.000998634
0.000984433
0.000983696
0.000996718
0.000838241
0.000893749
0.000736889
0.000256132
0.000254738
0.000773628
0.000464084
0.000833654
0.000996984
0.000998431
0.000999886
0.000999087
0.000756626
0.000937491
0.000721387
0.000699182
0.000984511
0.000985664
0.000999651
0.000998732
0.000999516
0.000999904
0.000704475
0.000737997
0.000962555
0.000970726
0.000881624
0.000987464
0.000978559
0.000963519
0.000966941
0.000988216
0.000902731
0.000492274
0.000969008
0.000917109
0.000957186
0.000993931
0.00099879
0.000999072
0.000995375
0.000999482
0.000997573
0.000997778
0.000999442
0.00099755
0.000994454
0.000920236
0.000820751
0.000918112
0.000766783
0.00066757
0.000515199
0.000900717
0.000795565
0.000757741
0.000911606
0.000471534
0.000130311
0.000717008
0.000716134
0.000518006
0.000549789
0.000907094
0.000962253
0.000874551
0.00086092
0.000230519
0.000701669
0.00026227
0.000687081
0.000242736
0.000637771
4.51671e-05
0.000831961
0.00099479
0.000258251
0.000355282
0.000692352
0.00099692
0.000991617
0.000996338
0.000969458
0.000995786
0.000998841
0.000645943
0.000579574
0.000819713
0.000984942
0.000849945
0.000999488
0.000961666
0.000372106
0.000656484
0.000256944
0.000249039
0.000989459
0.00094694
0.00074607
0.000998192
0.000986538
0.000957744
0.000999088
0.000999779
0.000998762
0.000999805
0.000997657
0.000509805
0.000310517
0.000293485
0.000982564
0.000912087
0.000839392
0.000453041
0.000239717
0.000892373
0.000715829
0.001
0.001
0.000987274
0.000997036
0.000998514
0.000991227
0.00099658
0.000982747
5.85592e-05
0.000478842
0.000669429
0.000772485
0.000642598
0.000988945
0.000977845
0.000939362
0.000999417
0.000999746
0.000632466
0.000588886
0.000869872
0.000966631
0.000911823
0.000963477
0.000992082
0.000983957
0.000999941
0.000917326
0.000882043
0.000694013
0.000985305
0.000143373
0.000135026
0.000999503
0.00012965
7.37768e-05
0.000172602
0.000207717
0.000991085
0.000996585
0.00096584
0.000229397
0.000190845
0.000640044
0.000859094
0.000185935
0.000999395
0.000999763
0.000825878
0.000830142
0.000850892
0.000989019
0.000978027
0.000951468
0.000967347
0.00072224
0.000776591
0.000972427
0.000988302
0.000999712
0.000881428
0.000912426
0.000987883
0.000384934
0.000611323
0.000219068
0.000169924
0.000566151
0.000946342
0.000981641
0.000999326
0.000997577
0.000998273
0.000994946
8.56712e-05
0.000315276
0.000989972
0.001
7.43215e-05
0.000463848
0.000225247
0.000354478
0.000347816
0.000502898
0.000931167
0.000800644
0.000224506
0.000582736
0.000223234
0.000936114
0.000968627
0.000688975
0.000774773
0.000890728
0.00098568
0.000941145
0.000357398
0.000658674
0.000589463
9.76762e-05
9.68264e-05
0.000143327
0.000157531
0.000999957
0.00055402
0.000229297
0.000542403
0.000973278
0.000963949
0.000993016
0.000949738
0.00066843
0.000920384
0.000958455
0.000983103
0.000999282
0.000996188
0.000999973
0.000999915
0.000994992
0.000998495
0.0004584
0.000954574
0.000694443
0.000896616
0.00071897
0.000972783
0.000904621
0.000176885
0.000917218
0.000962906
0.000904491
0.00047763
0.000112747
0.000132131
0.000353084
4.49306e-05
0.000223075
5.98278e-05
0.000939566
0.00095513
0.000979204
0.000891742
0.000983686
7.36147e-05
0.001
0.001
0.001
0.001
0.000891766
0.000749889
0.000902897
0.000965266
0.000984395
0.000981758
0.000997261
0.000996369
0.000988747
0.000998196
0.000987627
0.000799803
0.000986553
0.00091247
0.00098744
0.000877114
0.00024907
0.000908061
0.000977657
0.00095286
0.000607422
0.000167927
0.000374692
0.000639311
0.000733357
0.000723304
0.000294535
0.000910086
0.000906314
0.000949444
0.000915766
0.000444493
0.000801207
0.000824219
0.000909179
0.000417595
0.000843741
0.000737352
0.000835838
0.000235865
0.000969341
0.000987836
0.000966958
0.000946593
5.58816e-05
0.000958772
0.000979268
0.000999997
0.001
0.001
0.000789607
0.000653686
0.000894433
0.000914425
0.000930148
0.000818971
0.000934908
0.000951222
0.000608355
0.000819641
0.000287217
0.000557167
0.000829242
0.000457424
0.000791333
0.00099029
0.000989751
0.000960048
0.000112539
0.000109146
0.000326886
0.000746775
0.000765557
0.000881755
0.000989575
0.000976592
0.000996916
0.000850488
0.000784391
0.000949739
0.000983643
0.000930633
0.001
0.001
0.000999908
0.000999905
0.001
0.001
0.001
0.001
0.001
0.000731244
0.000960988
0.000857746
0.000180749
0.000179306
0.000479368
0.000185271
0.000193848
0.000480549
0.0006513
0.00027943
0.000686468
0.000961784
0.000986741
0.000881711
0.00096814
0.000993434
0.001
0.001
0.001
0.001
0.000926339
0.000967061
0.0006523
0.000838689
0.000957562
0.000234448
0.000973257
0.000875312
0.00088382
0.000887664
0.000918845
0.000966934
0.000791247
0.000963758
0.00098586
0.00096231
0.000920381
0.000411977
0.000207677
0.000370865
0.000653462
0.000222587
0.000215937
0.000765692
0.000697848
0.000685475
0.000784056
0.000289726
0.000873384
0.000804245
0.000999994
0.000999994
0.000999787
0.0006492
0.000799397
0.000995788
0.00099513
0.000990928
0.000929451
0.000704192
0.000696277
0.000908449
0.000976018
0.000989884
0.000996188
0.000989877
0.000998493
0.000999346
0.000999828
0.000999022
0.000999858
0.000999346
0.000959789
0.000979332
0.000990393
0.000568152
0.00077987
0.000896665
0.000873392
0.000814055
0.000999586
0.000998597
0.000992357
0.000804386
0.000196897
0.000226101
0.000635758
0.000280078
0.000252798
0.000962571
0.000983747
0.000996606
0.000987022
0.000983569
0.00198556
0.000146788
0.000200874
0.000202078
0.000237968
0.00024001
0.000999488
0.000997344
0.000638225
0.000594333
0.000483107
0.000958368
0.000560862
0.00086935
0.000853745
0.000997426
0.000789251
0.000999316
0.00199992
0.00176598
0.00189849
0.000817775
0.000533934
0.000229011
9.36496e-05
0.000981678
0.000936815
0.00098573
0.000865585
0.000222572
0.000253887
0.000157196
0.000941014
0.000951853
0.000986497
0.000885579
0.00044792
0.000343424
9.57178e-05
0.000452821
0.000463528
0.00025006
0.000998234
0.00169628
0.00105664
0.00136457
0.00161691
)
;
    }
}


// ************************************************************************* //
