/*--------------------------------*- C++ -*----------------------------------*\
  =========                 |
  \\      /  F ield         | OpenFOAM: The Open Source CFD Toolbox
   \\    /   O peration     | Website:  https://openfoam.org
    \\  /    A nd           | Version:  7
     \\/     M anipulation  |
\*---------------------------------------------------------------------------*/
FoamFile
{
    version     2.0;
    format      ascii;
    class       volScalarField;
    location    "0";
    object      thicknessFraction;
}
// * * * * * * * * * * * * * * * * * * * * * * * * * * * * * * * * * * * * * //

dimensions      [0 0 0 0 0 0 0];

internalField   uniform 0;

boundaryField
{
    defaultFaces
    {
        type            empty;
    }
    AortaInlet
    {
        type            fixedValue;
        value           nonuniform List<scalar> 
82
(
0
0
0
0
0
0
0
0
0
0
0
0
0
0
0
0
0
0
0
0
0
0
0
0
0.519144
0.452368
0.549396
0.499617
0.123149
0.129747
0.265736
0.0733662
0.184579
0.0561254
0.139614
0.125622
0.300993
0.0602893
0.182496
0.0557677
0.307203
0.46351
0.194438
0.473184
0.226707
0.444889
0.181467
0.316645
0.705636
0.469631
0.222209
0.552371
0.672524
0.513221
0.487969
0.469674
0.468336
0.48605
0.124267
0.401063
0.148664
0.119501
0.0565285
0.509651
0.19403
0.418366
0.18922
0.0695656
0.287129
0.118008
0.231301
0.567934
0.339915
0.157788
0.422149
0.147908
0.156626
0.149761
0.499304
0.393085
0.0761928
0.0571909
)
;
    }
    AortaOutlet
    {
        type            fixedValue;
        value           nonuniform List<scalar> 
62
(
0
0
0
0
0
0
0
0
0
0
0
0
0.345108
0.52594
0.156824
0.393789
0.390179
0.37378
0.379262
0.156439
0.119244
0.151819
0.422947
0.448015
0.294843
0.413923
0.125664
0.138791
0.145741
0.376222
0.145161
0.378812
0.523337
0.429905
0.0505569
0.0642379
0.240985
0.52078
0.474997
0.416004
0.24528
0.116874
0.118133
0.568162
0.143309
0.0638023
0.129934
0.368473
0.169823
0.0538362
0.286987
0.127047
0.113272
0.0485553
0.548498
0.126196
0.0669355
0.0716753
0.473995
0.121694
0.0929416
0.0685353
)
;
    }
    AortaWall
    {
        type            fixedValue;
        value           nonuniform List<scalar> 
6739
(
0
0
0
0
0
0
0
0
0
0
0
0
0
0
0
0
0
0
0
0
0
0
0
0
0
0
0
0
0
0
0
0
0
0
0
0
0
0
0
0
0
0
0
0
0
0
0
0
0
0
0
0
0
0
0
0
0
0
0
0
0
0
0
0
0
0
0
0
0
0
0
0
0
0
0
0
0
0
0
0
0
0
0
0
0
0
0
0
0
0
0
0
0
0
0
0
0
0
0
0
0
0
0
0
0
0
0
0
0
0
0
0
0
0
0
0
0
0
0
0
0
0
0
0
0
0
0
0
0
0
0
0
0
0
0
0
0
0
0
0
0
0
0
0
0
0
0
0
0
0
0
0
0
0
0
0
0
0
0
0
0
0
0
0
0
0
0
0
0
0
0
0
0
0
0
0
0
0
0
0
0
0
0
0
0
0
0
0
0
0
0
0
0
0
0
0
0
0
0
0
0
0
0
0
0
0
0
0
0
0
0
0
0
0
0
0
0
0
0
0
0
0
0
0
0
0
0
0
0
0
0
0
0
0
0
0
0
0
0
0
0
0
0
0
0
0
0
0
0
0
0
0
0
0
0
0
0
0
0
0
0
0
0
0
0
0
0
0
0
0
0
0
0
0
0
0
0
0
0
0
0
0
0
0
0
0
0
0
0
0
0
0
0
0
0
0
0
0
0
0
0
0
0
0
0
0
0
0
0
0
0
0
0
0
0
0
0
0
0
0
0
0
0
0
0
0
0
0
0
0
0
0
0
0
0
0
0
0
0
0
0
0
0
0
0
0
0
0
0
0
0
0
0
0
0
0
0
0
0
0
0
0
0
0
0
0
0
0
0
0
0
0
0
0
0
0
0
0
0
0
0
0
0
0
0
0
0
0
0
0
0
0
0
0
0
0
0
0
0
0
0
0
0
0
0
0
0
0
0
0
0
0
0
0
0
0
0
0
0
0
0
0
0
0
0
0
0
0
0
0
0
0
0
0
0
0
0
0
0
0
0
0
0
0
0
0
0
0
0
0
0
0
0
0
0
0
0
0
0
0
0
0
0
0
0
0
0
0
0
0
0
0
0
0
0
0
0
0
0
0
0
0
0
0
0
0
0
0
0
0
0
0
0
0
0
0
0
0
0
0
0
0
0
0
0
0
0
0
0
0
0
0
0
0
0
0
0
0
0
0
0
0
0
0
0
0
0
0
0
0
0
0
0
0
0
0
0
0
0
0
0
0
0
0
0
0
0
0
0
0
0
0
0
0
0
0
0
0
0
0
0
0
0
0
0
0
0
0
0
0
0
0
0
0
0
0
0
0
0
0
0
0
0
0
0
0
0
0
0
0
0
0
0
0
0
0
0
0
0
0
0
0
0
0
0
0
0
0
0
0
0
0
0
0
0
0
0
0
0
0
0
0
0
0
0
0
0
0
0
0
0
0
0
0
0
0
0
0
0
0
0
0
0
0
0
0
0
0
0
0
0
0
0
0
0
0
0
0
0
0
0
0
0
0
0
0
0
0
0
0
0
0
0
0
0
0
0
0
0
0
0
0
0
0
0
0
0
0
0
0
0
0
0
0
0
0
0
0
0
0
0
0
0
0
0
0
0
0
0
0
0
0
0
0
0
0
0
0
0
0
0
0
0
0
0
0
0
0
0
0
0
0
0
0
0
0
0
0
0
0
0
0
0
0
0
0
0
0
0
0
0
0
0
0
0
0
0
0
0
0
0
0
0
0
0
0
0
0
0
0
0
0
0
0
0
0
0
0
0
0
0
0
0
0
0
0
0
0
0
0
0
0
0
0
0
0
0
0
0
0
0
0
0
0
0
0
0
0
0
0
0
0
0
0
0
0
0
0
0
0
0
0
0
0
0
0
0
0
0
0
0
0
0
0
0
0
0
0
0
0
0
0
0
0
0
0
0
0
0
0
0
0
0
0
0
0
0
0
0
0
0
0
0
0
0
0
0
0
0
0
0
0
0
0
0
0
0
0
0
0
0
0
0
0
0
0
0
0
0
0
0
0
0
0
0
0
0
0
0
0
0
0
0
0
0
0
0
0
0
0
0
0
0
0
0
0
0
0
0
0
0
0
0
0
0
0
0
0
0
0
0
0
0
0
0
0
0
0
0
0
0
0
0
0
0
0
0
0
0
0
0
0
0
0
0
0
0
0
0
0
0
0
0
0
0
0
0
0
0
0
0
0
0
0
0
0
0
0
0
0
0
0
0
0
0
0
0
0
0
0
0
0
0
0
0
0
0
0
0
0
0
0
0
0
0
0
0
0
0
0
0
0
0
0
0
0
0
0
0
0
0
0
0
0
0
0
0
0
0
0
0
0
0
0
0
0
0
0
0
0
0
0
0
0
0
0
0
0
0
0
0
0
0
0
0
0
0
0
0
0
0
0
0
0
0
0
0
0
0
0
0
0
0
0
0
0
0
0
0
0
0
0
0
0
0
0
0
0
0
0
0
0
0
0
0
0
0
0
0
0
0
0
0
0
0
0
0
0
0
0
0
0
0
0
0
0
0
0
0
0
0
0
0
0
0
0
0
0
0
0
0
0
0
0
0
0
0
0
0
0
0
0
0
0
0
0
0
0
0
0
0
0
0
0
0
0
0
0
0
0
0
0
0
0
0
0
0
0
0
0
0
0
0
0
0
0
0
0
0
0
0
0
0
0
0
0
0
0
0
0
0
0
0
0
0
0
0
0
0
0
0
0
0
0
0
0
0
0
0
0
0
0
0
0
0
0
0
0
0
0
0
0
0
0
0
0
0
0
0
0
0
0
0
0
0
0
0
0
0
0
0
0
0
0
0
0
0
0
0
0
0
0
0
0
0
0
0
0
0
0
0
0
0
0
0
0
0
0
0
0
0
0
0
0
0
0
0
0
0
0
0
0
0
0
0
0
0
0
0
0
0
0
0
0
0
0
0
0
0
0
0
0
0
0
0
0
0
0
0
0
0.375263
0.543442
0.999773
0.877196
0.87712
0.874429
0.980481
0.642406
0.742839
0.0782712
0.999899
0.967445
0.769166
0.931144
0.184318
0.810575
0.874279
0.655873
0.253187
0.658077
0.928158
0.974245
0.870891
0.885748
0.779142
0.837568
0.521122
0.0449242
0.0897229
0.989024
0.740463
0.461172
0.209774
0.550423
0.824585
0.960059
0.980154
0.225881
0.96567
0.966946
0.863123
0.614572
0.188092
0.696888
0.190533
0.464805
0.188385
0.471164
1
0.154565
0.438068
0.730608
0.82437
0.440249
0.998837
0.999975
0.995683
0.859553
0.483609
0.999953
0.999657
0.998742
0.685827
0.994928
0.815407
0.999079
0.787418
0.5053
1
0.999915
0.827234
0.999985
0.877613
0.763452
0.992857
0.867001
0.922267
0.999994
0.650443
0.997179
0.722957
0.324338
0.943953
0.869801
0.96729
0.264152
0.798362
0.58476
0.993224
0.889055
0.99998
0.977142
0.239523
0.757077
0.171652
0.582109
0.999976
0.356758
0.827855
0.999359
0.997753
0.107169
0.385654
0.882592
0.722277
0.965232
0.979931
0.999891
0.26953
0.958916
0.999861
0.859926
0.968504
0.372784
0.935617
0.999371
0.141553
0.79847
0.99793
0.812413
0.568362
0.532026
0.42702
0.223389
0.59496
0.207652
0.99843
0.244525
0.592018
0.991398
0.99672
0.997346
0.271581
0.922635
0.999986
0.675289
0.639408
0.394917
0.976733
0.249143
0.987905
0.324027
0.84449
0.997283
0.999736
0.892321
0.93552
0.999992
0.999628
0.804953
0.794546
0.998878
0.0952451
0.999835
0.857979
0.901961
0.861235
0.843546
0.91545
0.8185
0.171409
0.943583
0.999837
0.140355
0.998101
0.893613
0.713408
0.841482
0.998977
0.815573
0.995352
0.268008
0.990498
0.999529
0.448367
0.999518
0.795775
0.385664
0.708048
0.526033
0.14093
0.131239
0.320201
0.0699489
0.746295
0.785223
0.341071
0.446907
0.465215
0.392758
0.227639
0.986638
0.740369
0.568423
0.77776
0.975872
0.522495
0.998803
0.198475
0.997111
0.999651
0.998921
0.779558
0.983186
0.960596
0.994993
0.975932
0.997811
0.998337
0.990712
0.834928
0.459959
0.455092
0.961556
0.978797
0.959305
0.996672
0.987338
0.99993
0.722276
0.999976
0.999669
0.979844
0.470609
0.221737
0.961883
0.179747
0.995574
0.969708
0.973288
0.230153
0.957195
0.256809
0.910482
0.463805
0.988644
0.992771
0.0893925
0.997709
0.99727
0.202311
0.648406
0.979286
0.851025
1
0.999881
0.920873
0.866017
0.234277
0.545519
0.213653
0.994239
0.837755
0.926163
0.983026
0.997247
0.994093
0.954793
0.884597
0.234804
0.669817
0.825898
0.99699
0.139698
0.0701391
0.744628
0.520374
0.678908
0.856489
0.999994
0.999998
0.986595
0.852279
0.819117
0.879563
0.853337
0.858582
0.395159
0.973378
0.962774
0.996265
0.989021
0.999953
0.999297
0.999999
0.999996
1
0.80034
0.998862
0.999919
0.999997
0.999998
0.631616
0.893112
1
1
0.934407
0.953952
0.919678
0.814888
0.801413
0.804954
0.855328
0.90668
1
0.999866
1
1
0.999998
0.715864
0.0712731
0.999999
0.876382
0.999619
0.974195
0.802234
0.986975
0.975725
0.993594
0.95342
1
1
0.999732
0.992791
0.879889
0.89152
0.948909
0.986763
0.999636
0.13942
0.264433
0.995597
0.444784
0.25771
0.777532
0.729313
0.997062
0.929832
0.971464
0.996713
0.368028
0.0695552
0.326825
0.912169
0.998243
0.294102
0.245406
0.465173
0.826165
0.775024
0.239798
0.933186
0.832801
0.0523853
0.73065
0.997224
0.164231
0.536153
0.506136
0.0465606
0.644386
0.134459
0.367051
0.990287
0.941642
0.174581
0.243827
0.877505
0.579536
0.940825
0.232889
0.384644
0.228697
0.970407
0.312954
0.980005
0.974172
0.771825
0.712621
0.910672
0.582695
0.191759
0.140318
0.995947
0.963865
0.993816
0.726587
0.979361
0.123209
0.134901
0.57119
0.0718028
0.908591
0.843748
0.808408
0.999922
0.301354
0.286169
0.673655
0.984145
0.983465
0.442305
0.372018
0.897877
0.212194
0.177086
0.439238
0.995169
0.241045
0.190388
0.493627
0.919064
0.999097
0.900088
0.850533
0.837826
0.807521
0.451717
0.257414
0.736042
0.679471
0.994767
0.645077
0.391146
0.984741
0.994164
0.991281
0.963177
0.970503
0.995347
0.999817
0.99918
0.435189
0.46674
0.967743
0.939863
0.525198
0.949957
0.626955
0.939852
0.988592
0.865978
0.815981
0.898395
0.968492
0.973588
0.426486
0.841854
0.971144
0.964864
0.993093
0.991696
0.0786223
0.940478
0.890531
0.802541
0.927981
0.925785
0.970867
0.950635
0.837015
0.963407
0.86548
0.997214
0.998585
0.801477
0.844409
0.822191
0.999947
0.651473
0.677005
0.87656
0.761916
0.493811
0.907787
0.803722
0.948461
0.478504
0.830746
0.176819
0.501092
0.926143
0.959116
0.947953
0.960617
0.0454774
0.484495
0.136248
0.728116
0.964878
0.762051
0.971181
0.999946
0.999988
0.401252
0.611352
0.0488774
0.168999
0.315678
0.314282
0.196485
0.344553
0.451518
0.245016
0.155897
0.180577
0.988692
0.957687
0.771514
0.103037
0.932081
0.925672
0.805923
0.213563
0.360976
0.977459
0.99378
0.428854
0.748642
0.989771
0.997974
0.55123
0.986398
0.93538
0.999459
0.991782
0.346079
0.923675
0.434446
0.999898
0.999337
0.999973
0.999873
0.346099
0.999155
0.438092
0.900732
0.928124
0.971274
0.924078
0.994089
0.851304
0.782288
0.592522
0.995915
0.148058
0.980234
0.984933
0.981751
0.956885
0.994786
0.996984
0.999202
0.999114
0.412374
0.231277
0.979861
0.366485
0.344515
0.873142
0.765825
0.838475
0.894185
0.999309
0.941471
0.279554
0.887062
0.69032
0.882981
0.994115
0.888634
0.856031
0.910441
0.999985
0.999996
0.999812
0.0694416
0.95162
0.98814
0.778146
0.895718
0.85773
0.941298
0.960741
0.983079
0.852893
0.836102
0.944985
0.940874
0.886522
0.972923
0.971846
0.910542
0.340424
0.691636
0.999846
0.741149
0.996549
0.999916
0.834207
0.573387
0.977316
0.99735
0.980905
0.787277
0.998486
0.999959
1
0.999999
0.999993
0.997857
0.992761
0.999591
0.999992
0.99992
0.973475
0.967494
0.994938
0.998973
0.873809
0.921572
0.974274
0.994674
0.998858
0.48448
0.907019
0.700177
0.354415
0.988188
0.8891
0.332965
1
1
0.908358
0.687327
0.700359
0.852546
0.993394
0.998093
0.999724
0.999976
0.9987
0.999593
0.999539
0.999758
0.999972
0.99999
0.0548035
0.339997
0.350903
0.653404
0.16948
0.0860848
0.646895
0.238553
0.362093
0.999919
0.999948
0.808935
0.993627
0.998933
0.964311
0.862013
0.966633
0.955345
0.960433
0.950457
0.953434
0.762513
0.819329
0.577429
0.334775
0.779631
0.661106
0.318275
0.565012
0.267934
0.323591
0.393557
0.927321
1
0.999966
0.99092
0.231816
0.944946
0.936018
0.755067
0.997345
0.877661
0.595645
0.577048
0.18017
0.150578
0.667306
0.744413
0.0463891
0.395948
0.11089
0.274011
0.288521
0.207658
0.609772
0.0441087
0.0435245
0.0464582
0.0892405
0.336853
0.0756008
0.365948
0.699825
0.71795
0.377145
0.782686
0.0687435
0.804187
0.0538204
0.397301
0.15297
0.105016
0.364636
0.283892
0.344194
0.397748
0.520808
0.416117
0.735429
0.284867
0.351249
0.847838
0.527345
0.464354
0.50537
0.932734
0.0682644
0.881055
0.742513
0.292242
0.910983
0.752197
0.189257
0.352484
0.907575
0.933711
0.727192
0.180642
0.116846
0.93368
0.989599
0.978973
0.96327
0.979231
0.946298
0.385928
0.678732
0.722151
0.276226
0.187609
0.0518757
0.286723
0.985572
0.865455
0.0801667
0.356241
0.999976
0.999996
0.99991
0.999962
0.0933607
0.113772
0.445563
0.394368
0.486996
0.134717
0.18152
0.0745696
0.0443346
0.312754
0.876008
0.801996
0.988528
0.721223
0.264785
0.571641
0.973124
0.900854
0.428949
0.557244
0.714108
0.820288
0.939425
0.101818
0.957859
0.907386
0.874282
0.65074
0.823436
0.75329
0.772793
0.337352
0.999118
0.999743
0.998409
0.936414
0.986793
0.99985
0.999974
0.999988
0.99335
0.849037
0.870526
0.790442
0.840245
0.99305
0.147225
0.774862
0.845214
0.340955
0.817799
1
1
0.825516
0.928292
0.943192
0.611284
0.992464
0.999957
1
1
0.999999
0.999331
0.99587
1
1
1
1
0.79628
0.363156
0.740488
1
0.999999
1
0.996874
0.866089
0.856497
0.998418
0.992705
0.947256
0.982654
0.952693
0.999832
0.999426
1
1
1
1
0.795623
0.688672
0.985918
0.240859
0.420521
0.938722
0.792231
0.98775
0.999999
0.999915
0.999992
0.309851
0.334639
0.806065
0.990773
0.902199
0.0516761
0.377461
0.156036
0.123723
0.642001
0.621243
0.384691
0.798703
0.917082
0.978887
0.917106
0.212345
0.79988
0.998664
0.999794
0.99978
0.99857
0.984634
0.997632
0.997517
0.98775
0.244158
0.566293
0.346187
0.799865
0.999796
0.99951
0.796074
0.15233
0.994414
0.957075
0.987758
0.99524
0.98522
0.300662
0.206053
0.0866436
0.998217
0.141276
0.24719
0.232073
0.400368
0.718881
0.912814
0.0773339
0.268899
0.158522
0.9316
0.87672
0.051213
0.719828
0.997531
0.998575
0.999694
0.981529
0.990676
0.99755
0.673787
0.26361
0.975633
0.999926
0.999819
0.636584
0.924554
0.995648
0.989458
0.980816
0.322224
0.275271
0.290692
0.20739
0.999576
0.999185
0.999392
0.844913
0.108512
0.825918
0.905848
0.952077
0.993153
0.996237
0.235474
0.999847
0.9984
0.921362
0.0713215
0.179865
0.27992
0.59747
0.134314
0.280067
0.593342
0.344421
0.76537
0.689804
0.798917
0.957249
0.98755
0.484184
0.335427
0.209457
0.852304
0.921219
0.986448
0.187124
0.621762
0.330653
0.475492
0.315287
0.999734
0.997793
0.908475
0.78125
0.88309
0.870278
0.998051
0.783583
0.76839
0.796419
0.608507
0.304412
0.322809
0.114152
0.198712
0.139262
0.272091
0.937665
0.754293
0.829603
0.981265
0.760996
0.300531
0.992468
0.985993
0.985107
0.998151
0.216847
0.0429483
0.448728
0.145621
0.645308
0.252543
0.175124
0.977059
0.910041
0.948096
0.95559
0.993439
0.99233
0.983388
0.997699
0.819893
0.837906
0.938874
0.848415
0.847928
0.83873
0.71982
0.898537
0.6864
0.962284
0.965349
0.99534
0.991
0.98026
0.792528
0.794289
0.917199
0.752977
0.958261
0.814338
0.88629
0.763082
0.961827
0.977258
0.850111
0.846912
1
0.516725
0.594065
0.851026
0.820787
0.837978
0.455022
0.984771
0.448366
0.947511
0.908487
0.746449
0.999998
1
0.999994
0.999969
1
1
0.999998
1
1
0.999998
0.176996
0.953879
0.957455
0.999992
0.999999
0.999985
0.998787
0.999067
0.999926
0.948569
0.860374
0.906872
0.889727
0.948236
0.980378
0.97935
0.93042
0.993767
0.439621
0.9847
0.774519
0.946443
0.587491
0.178227
0.215736
0.74599
0.635991
0.613447
0.381446
0.882564
0.937839
0.840533
0.887931
0.972593
0.986877
0.997611
0.994991
0.999611
0.999985
0.997671
0.999888
0.999996
0.999988
0.999999
1
1
1
0.174659
1
0.999979
0.999948
0.999996
0.377764
0.564502
0.594267
0.790722
0.84058
0.849283
0.808834
1
1
0.999998
0.999999
0.440346
0.730217
0.658152
0.719385
1
1
0.999996
0.999999
1
1
1
1
0.979825
0.837615
0.955625
0.931111
0.999513
0.999991
0.999971
0.999958
0.999996
0.999961
0.999718
0.99968
0.999571
0.999696
0.99997
0.999968
0.999998
0.999982
1
1
0.999998
0.999992
0.664682
0.557957
0.612843
0.493668
0.694606
0.694717
0.470988
0.153
0.650598
0.738001
0.68388
0.78841
0.690246
0.434943
0.685221
0.748653
0.304428
0.795962
0.717092
0.340012
0.818335
0.999984
0.999999
1
1
0.998361
0.999796
0.999864
0.988658
0.999576
0.984173
0.906968
0.995413
0.985245
0.942308
0.995225
0.998862
0.975374
0.882557
0.978775
0.91714
0.940943
0.98716
1
0.720402
0.890363
0.790399
0.798606
0.857405
0.999999
1
0.999999
0.999889
0.999985
0.99999
1
0.999999
0.999999
1
1
1
1
1
1
1
1
1
0.908266
0.24822
0.748249
0.327983
0.76655
0.313561
0.21999
0.999949
0.999896
0.999953
0.999978
0.978632
0.971694
0.896845
0.996644
0.974363
0.864979
0.99868
0.995091
0.84001
0.930628
0.868519
0.848599
0.844968
0.833047
0.866537
0.889318
0.861748
0.999997
0.999993
0.999851
0.999984
0.999999
0.999998
1
1
1
1
1
0.999975
1
0.772664
0.583692
0.991
0.999964
0.999096
0.999259
0.992944
0.998051
0.999909
0.847405
0.86339
0.968995
0.947932
0.952711
0.953496
0.9963
0.98544
0.994155
0.998092
0.978052
0.972653
0.978842
0.99449
0.995212
0.999969
1
0.9936
0.999949
0.999997
0.999994
0.812996
0.872819
0.970909
0.84999
0.515649
0.906932
0.636416
0.30875
0.677231
0.260042
0.72248
0.651825
0.530085
0.132309
0.988138
0.913979
0.950559
0.942769
0.995366
0.729461
0.871421
0.777511
0.805047
0.717446
0.329886
0.240901
0.92595
0.725502
0.704376
0.615607
0.7493
0.79679
0.848316
0.612595
0.996181
0.874844
0.508893
0.245146
0.599389
0.539058
0.910236
0.964755
0.999402
0.935087
0.816554
0.999665
0.999778
0.999952
0.276875
0.17882
0.951119
0.209614
0.690046
0.526383
0.785574
0.769601
0.990462
0.91223
0.999974
0.999996
0.987511
0.99997
0.999995
0.919794
0.525602
0.751909
0.909486
0.135972
0.554416
0.788105
0.324238
0.972376
0.983963
0.951893
0.846352
0.970975
0.917547
0.266605
0.722046
0.416209
0.287262
0.618203
0.770997
0.615927
0.358793
0.90524
0.952763
0.593819
0.699126
0.861931
0.725883
0.30558
0.588657
0.58384
0.230678
0.186459
0.584433
0.67341
0.225526
0.179961
0.382754
0.759391
0.875433
0.928253
0.780397
0.254508
0.727301
0.907248
0.464729
0.877463
0.0696458
0.649319
0.432885
0.829297
0.464421
0.243088
0.605301
0.774786
0.885127
0.980091
0.955139
0.912706
0.335899
0.731282
0.953773
0.914533
0.906876
0.988596
0.952373
0.983845
0.910352
0.981404
0.996759
0.985621
0.995695
0.869601
0.24508
0.601339
0.862687
0.729735
0.939922
0.987181
0.894565
0.977796
0.966567
0.688772
0.364382
0.609061
0.970092
0.994892
0.994684
0.97065
0.996946
0.996971
0.998613
0.998749
0.808014
0.912325
0.917513
0.569455
0.242113
0.30155
0.946259
0.348419
0.971122
0.978484
0.969776
0.884898
0.995568
0.999817
0.998406
0.0818816
0.294259
0.219308
0.195152
0.627801
0.233793
0.433361
0.15204
0.175918
0.0595209
0.551452
0.639754
0.220072
0.404049
0.576726
0.780379
0.931436
0.884965
0.861721
0.316399
0.831443
0.981847
0.912964
0.0944865
0.311597
0.134213
0.0426107
0.672225
0.533602
0.260913
0.94253
0.825923
0.437028
0.382856
0.817039
0.775693
0.651357
0.205109
0.693975
0.249915
0.702365
0.87737
0.921713
0.897456
0.907425
0.762306
0.92491
0.863271
0.176338
0.213822
0.163649
0.533053
0.604469
0.0441823
0.116922
0.398839
0.157011
0.488251
0.420661
0.848816
0.64136
0.246555
0.594445
0.259463
0.898886
0.950577
0.743212
0.990296
0.846964
0.871279
0.960593
0.952928
0.644692
0.163973
0.140089
0.0434422
0.107088
0.0894671
0.0460249
0.516324
0.286009
0.1603
0.156058
0.690914
0.907469
0.924067
0.492949
0.679706
0.806199
0.355924
0.971744
0.767601
0.483573
0.918681
0.956041
0.75233
0.842499
0.759496
0.874868
0.930371
0.887853
0.949818
0.396347
0.984318
0.888438
0.90019
0.970497
0.688941
0.268809
0.273946
0.675348
0.995178
0.994008
0.978452
0.997404
0.992663
0.986012
0.664441
0.904319
0.274991
0.900868
0.990971
0.986334
0.919215
0.989463
0.766586
0.996763
0.996305
0.999192
0.983059
0.95851
0.708758
0.426843
0.962803
0.25241
0.976321
0.400045
0.997795
0.990831
0.995193
0.999909
0.994924
0.993989
0.998955
0.99949
0.999889
0.999613
0.662324
0.350798
0.861386
0.928927
0.953606
0.618826
0.323771
0.862765
0.800708
0.868952
0.868267
0.991934
0.997472
0.998573
0.993748
0.952835
0.893903
0.968614
0.850099
0.735807
0.908352
0.96284
0.992068
0.970289
0.987095
0.366785
0.80853
0.964539
0.583934
0.996931
0.995
0.996018
0.998335
0.989857
0.881313
0.965324
0.93296
0.778458
0.974244
0.980701
0.983731
0.989048
0.997465
0.993704
0.999766
0.999414
0.999537
0.999003
0.241036
0.57316
0.215854
0.694851
0.878502
0.9599
0.862323
0.949851
0.968435
0.981946
0.955267
0.900441
0.890348
0.575864
0.184769
0.230361
0.0501359
0.289449
0.33953
0.189215
0.254603
0.469862
0.418907
0.23978
0.136571
0.0764216
0.979827
0.0874403
0.0567029
0.245783
0.628741
0.96394
0.983022
0.969405
0.994737
0.146874
0.0618254
0.170735
0.757128
0.910831
0.960652
0.930898
0.999035
0.316575
0.238925
0.22648
0.998029
0.999823
0.984164
0.408076
0.665272
0.650237
0.99603
0.966731
0.876006
0.92259
0.970455
0.97796
0.871305
0.996491
0.983347
0.842072
0.990225
0.947455
0.966981
0.908043
0.884315
0.994559
0.999707
0.69154
0.780952
0.698343
0.301568
0.991774
0.962194
0.79425
0.915213
0.923712
0.984831
0.967998
0.971414
0.895969
0.929101
0.955586
0.714721
0.908135
0.74068
0.652059
0.482488
0.269939
0.763808
0.930534
0.899406
0.702993
0.22879
1
0.940752
0.983878
0.993852
0.992741
0.973062
0.998558
0.977087
0.998333
0.994611
0.985155
0.305261
0.319558
0.995205
0.998582
0.998458
0.734827
0.681998
0.8845
0.902949
0.999996
0.999986
0.964615
0.999967
0.999704
0.999997
1
1
0.999884
0.610637
0.727748
0.853241
0.0867071
0.989798
0.991433
0.606318
0.247047
0.619271
0.661137
0.852665
0.963261
0.847882
0.920775
0.273027
0.497993
0.06162
0.999866
0.728359
0.927728
0.989002
0.398527
0.997527
0.999188
0.905909
0.829462
0.960135
0.979556
0.501516
0.56956
0.994956
0.330928
0.594235
0.83855
0.726598
0.493773
0.238857
0.586071
0.594997
0.1964
0.645559
1
1
0.230454
0.230413
0.210609
0.224908
0.0783852
0.69436
1
1
0.897336
0.983387
0.974075
0.948961
0.196369
0.791546
0.908318
0.603348
0.651175
0.622023
0.86816
0.393851
0.783219
0.978548
0.617067
0.582967
0.710827
0.117918
0.491777
0.414968
0.588333
0.900765
0.997338
0.991285
0.881593
0.833538
0.566487
0.821563
0.826796
0.865247
0.52863
0.139265
0.324821
0.996802
0.909052
0.98338
0.999674
0.999986
0.999029
0.690208
0.280561
0.700351
0.953945
0.920981
0.925286
0.982778
0.390716
0.209474
0.537888
0.588521
0.912282
0.933541
0.817794
0.754724
0.750876
0.275213
0.366964
1
1
1
1
0.846247
0.552798
0.393389
0.514319
0.815433
0.863042
0.246298
0.868425
0.959213
0.957078
0.985406
0.982776
0.99771
0.991763
0.998752
0.997651
0.999589
0.999939
0.999791
0.996853
0.999975
0.99977
0.89458
0.901736
0.816213
0.786495
0.980662
0.959809
0.266549
0.961591
0.866837
0.975839
0.647352
0.980188
0.856734
0.692015
0.420674
0.679632
0.265292
0.639701
0.340014
0.180479
0.565275
0.292358
0.621515
0.839704
0.726525
0.942869
0.872101
0.565436
0.402729
0.155859
0.765221
0.656973
0.755696
0.989022
0.985191
0.912137
0.77826
0.953584
0.852025
0.164615
0.149962
0.0572645
0.995535
0.628187
0.264758
0.0507872
0.516799
1
1
1
0.8419
0.8666
0.324991
0.651902
0.888046
0.646988
0.418332
0.906928
0.732526
0.791337
0.647043
0.417082
0.91404
0.640082
0.731209
0.88436
0.885655
0.676964
0.773746
0.796843
0.599525
0.825505
0.955198
0.998357
0.998703
0.998591
0.997102
0.97259
0.369781
0.809909
0.545068
0.885864
0.662431
0.321252
0.783368
0.903834
0.993004
0.284295
0.400448
1
0.235062
0.897476
0.19129
0.92012
0.966582
0.820832
1
1
0.877961
0.974215
0.706517
0.434897
0.734134
0.426559
0.200029
0.871825
0.750539
0.737219
0.928449
0.860179
0.630982
0.949365
0.857375
0.765745
0.982001
0.981455
0.443448
0.728048
0.744002
0.624115
0.217443
0.434276
0.676471
0.264059
0.688297
0.364557
0.999992
0.996089
1
0.537121
0.999116
0.997563
0.995922
0.981901
0.751793
0.500078
0.073534
0.56565
0.171398
0.208118
0.471906
0.829196
0.94374
0.940615
0.827001
0.592623
0.164543
0.217803
0.576843
0.844535
0.592663
0.935797
0.989062
0.971864
0.968059
0.990887
0.995922
0.975374
0.915668
0.95261
0.98833
0.999275
0.984597
0.998094
0.95936
0.999726
0.999948
0.999977
0.995594
0.999997
0.99996
0.997587
0.999682
0.992221
0.999853
0.998026
0.999785
0.999988
0.999966
0.999967
0.909657
0.914109
0.570661
0.762241
0.76139
0.776066
0.631868
0.794213
0.95325
0.934081
0.984452
0.826549
0.341463
0.999293
0.752829
0.556568
0.951917
0.983251
0.976168
0.590542
0.908604
0.81007
0.157419
0.164303
0.135095
0.498067
0.999891
1
0.761179
0.9994
0.998856
0.951191
0.976039
0.13796
0.706078
0.775143
0.682709
0.545761
0.236989
0.630844
0.231539
0.998012
0.890169
0.916788
0.883194
0.753829
0.769966
0.444775
0.985732
0.851148
0.998247
0.60559
0.888394
0.962423
0.338947
0.760399
0.522528
0.732924
0.223531
0.365495
0.616896
0.375365
0.380948
0.354791
0.437772
0.703503
0.913135
0.819378
0.999026
0.734473
0.503592
0.227271
0.43518
0.809
0.999908
0.999833
0.869678
0.817825
0.807807
0.995697
0.999251
0.999272
0.989437
0.723443
0.525659
0.199659
0.999573
0.998354
0.995694
0.994462
0.512085
0.942814
0.909604
0.900749
0.900891
0.185313
0.215199
0.430234
0.882239
0.69415
0.431026
0.216139
0.23683
0.660939
0.181277
0.20742
0.503638
0.571457
0.199557
0.809019
0.68965
0.957706
0.888247
0.618934
0.114729
0.370999
0.2047
0.225632
0.141211
0.778189
0.897841
0.94813
0.986498
0.89338
0.999271
0.988803
0.997092
0.959022
0.624111
0.116808
0.0566225
0.154326
0.323814
0.52063
0.260728
0.447254
0.730998
0.580132
0.614508
0.711548
0.329401
0.608644
0.238737
0.721325
0.874814
0.434309
0.999126
0.825989
0.637396
0.687584
0.931637
0.377628
0.156036
0.156775
0.469593
0.978364
0.980927
0.938166
0.99765
0.999833
0.999939
1
0.991351
0.986511
0.995285
0.998547
0.984505
0.990356
0.996631
0.719136
1
0.842494
1
0.999977
0.405293
0.88467
0.982216
0.0446807
0.216069
0.0913409
0.87024
0.228234
0.434843
0.822391
0.633172
0.731561
0.934096
0.895768
0.253515
0.630507
0.23488
0.643114
0.863652
0.268147
1
0.866424
0.999062
0.999953
0.666811
0.254789
0.78376
0.452783
0.873401
0.409078
0.77053
1
1
0.758787
0.963677
0.954551
0.172801
0.530982
0.995297
0.999163
1
0.999997
0.999998
0.916298
0.666717
0.983308
0.980804
0.916921
0.980333
0.997006
0.994427
0.994136
0.0848286
0.638054
0.138324
0.0656925
0.529155
0.631186
0.316613
0.883551
0.723998
0.895441
0.686628
0.665027
0.0772019
0.217246
0.513201
0.368786
0.606155
0.634356
0.788606
0.418609
0.762323
0.330249
0.757115
0.182843
0.564734
0.663225
0.254192
0.616553
0.645549
0.232957
0.484098
0.648358
0.703821
0.527028
0.815959
0.923129
0.387981
0.146311
0.986162
0.998441
0.0434284
0.935899
0.985756
0.983713
0.945896
0.195314
0.426519
0.352605
0.927978
0.969735
0.941831
0.94116
0.76761
0.883597
0.86132
0.634065
0.862676
0.637199
0.99825
0.398963
0.329357
0.727506
0.597055
0.713591
0.860968
0.999978
0.999911
0.824442
0.426836
0.999958
0.973097
0.19748
0.478518
0.181884
0.440744
0.577973
0.966767
0.905577
0.934112
0.806032
0.28069
0.640192
0.626141
0.721321
0.858322
0.379385
0.99407
0.19779
0.13406
0.579772
0.159421
0.999522
0.997513
0.945902
0.979044
0.993742
0.446801
0.141323
0.485634
0.999812
0.999521
0.999599
0.993184
0.998407
0.998194
0.0739064
0.200154
0.483687
0.746929
0.744185
0.556646
0.704259
0.424458
0.206738
0.627234
0.265044
0.904577
0.900066
0.986363
0.992909
0.971007
0.993463
0.97503
0.330177
0.97394
0.340458
0.889165
0.964556
0.968267
0.925134
0.26464
0.246691
0.674112
0.621027
0.253864
0.611266
0.61842
0.728108
0.613934
0.197463
0.722822
0.290127
0.818314
0.760123
0.839866
0.242554
0.999278
0.99984
0.999853
0.999743
0.882285
0.955292
0.981097
0.939426
0.747027
0.858721
0.738831
0.813705
0.938038
0.993565
0.979346
0.735671
0.889442
0.924135
0.993803
0.999393
0.911675
0.977926
0.933573
0.960663
0.0795028
0.492526
0.992784
0.939187
0.948942
0.999654
0.995836
0.933689
0.928457
0.801508
0.791335
0.923697
0.902156
0.981144
0.994542
0.978128
0.963961
0.861789
0.961682
0.99954
0.994352
0.997113
0.989238
0.996384
0.975379
0.942917
0.954042
0.903868
0.516353
0.729723
0.762443
0.688395
0.251805
0.656918
0.999925
0.999892
0.985702
0.988846
0.956694
0.996385
0.980467
0.989314
0.827644
0.774475
0.0820399
0.0729306
0.972275
0.952293
0.948174
0.369556
0.235114
0.588545
0.573436
0.999778
0.999876
0.999865
0.995929
0.977174
0.982063
0.992938
0.998497
0.991893
0.998642
0.993582
0.943261
0.980364
0.531551
0.7297
0.931615
0.999819
0.848725
0.864075
0.985096
0.139477
0.0464343
0.146789
0.885834
0.981314
0.943237
0.981233
0.942035
0.978608
0.363957
0.467289
0.973512
0.949745
0.999974
0.999946
0.526592
1
0.0951593
0.97807
0.992226
0.86126
0.986749
0.995593
0.999124
0.995516
0.904481
0.600168
0.818286
0.724896
0.583767
0.718789
0.319445
1
0.999997
1
0.999995
1
0.999998
0.994881
0.997863
0.997152
0.997291
0.999999
0.504264
0.453513
0.267102
0.129354
0.550263
0.996228
0.999816
0.998682
0.999993
1
0.999999
0.999991
0.99936
0.998597
0.999996
0.999957
0.999933
0.976534
0.236256
0.707734
0.878712
0.892413
0.657907
0.675065
0.980415
0.999997
0.999895
0.992019
0.999471
0.999813
0.848789
0.956222
0.999222
0.999998
0.999972
0.999999
0.990209
0.225979
0.513688
0.646893
0.729932
0.312325
0.714921
0.864701
0.432182
0.819229
0.643306
0.388985
0.701351
0.940286
0.930117
0.973816
0.992491
0.993736
0.997603
0.863297
0.853217
0.884131
0.693066
0.466871
0.258122
0.0476403
0.114596
0.99605
0.983984
0.999078
0.994172
0.955172
0.815166
0.998791
0.988699
0.993251
0.780165
0.737783
0.886776
0.999394
0.999918
0.999983
0.999989
0.65976
0.999383
0.998261
0.251448
0.154571
0.0611442
0.0447998
0.131779
0.145398
0.966829
0.281048
0.861422
0.68834
0.78996
0.302176
0.674244
0.221885
0.596054
0.506314
0.062232
0.232833
0.150357
0.0503051
0.163971
0.999996
0.956546
0.980536
0.993431
0.997841
0.997686
0.505397
0.405523
0.245224
0.422049
0.339807
0.733416
0.824705
0.102814
0.0508186
0.149166
0.059703
0.150652
0.341494
0.419331
0.226397
0.51519
0.0519956
0.24739
0.320057
0.0725913
0.139643
0.529206
0.79104
0.683598
0.323297
0.951116
0.0888164
0.880438
0.764634
0.672559
0.821315
0.115013
0.845148
0.99555
0.972072
0.905777
0.986634
0.952868
0.326318
0.845568
0.276084
0.0894164
0.183694
0.783178
0.520545
0.763253
0.385089
0.995787
0.990227
0.993762
0.997817
0.990315
0.993805
0.989827
0.994375
0.986133
0.861463
0.784572
0.647133
0.882755
0.859391
0.958464
0.961055
0.866354
0.914717
0.95132
0.348543
0.5883
0.661121
0.793273
0.69789
0.865247
0.0658051
0.485735
0.24767
0.652135
0.210427
0.196123
0.202347
0.580006
0.217057
0.381846
0.196582
0.537774
0.0576382
0.146259
0.413959
0.168083
0.894063
0.974548
0.840987
0.902169
0.343798
0.910766
0.956967
0.913793
0.910743
0.9712
0.797373
0.712043
0.530372
0.717105
0.838467
0.48553
0.761043
0.76654
0.734342
0.485352
0.390328
0.94864
0.98612
0.922405
0.976423
0.276244
0.964887
0.957226
0.230299
0.24976
0.17842
0.425056
0.221245
0.387999
0.241888
0.633138
0.638921
0.238351
0.928803
0.863841
0.958892
0.863724
0.25612
0.450472
0.722408
0.648808
0.659268
0.455793
0.838747
0.746122
0.75247
0.673507
0.264111
0.272577
0.684276
0.595114
0.693434
0.839977
0.0430232
0.920775
0.945656
0.896136
0.854932
0.895872
0.874259
0.990465
0.972269
0.992704
0.99742
0.998615
0.997806
0.999526
0.998957
0.75375
0.86681
0.153824
0.13817
0.121259
0.176439
0.665135
0.922926
0.981715
0.998677
0.994778
0.393169
0.596788
0.830911
0.845983
0.959692
0.860895
0.491394
0.263137
0.911477
0.718004
0.863452
0.56522
0.581679
0.5271
0.688379
0.841802
0.844503
0.926575
0.939393
0.89467
0.833611
0.877495
0.879023
0.9392
0.877469
0.950814
0.600329
0.808903
0.863917
0.828856
0.850184
0.925555
0.701416
0.235104
0.437914
0.738339
0.269738
0.653498
0.890173
0.885728
0.947843
0.059809
0.303461
0.938663
0.972735
0.884323
0.958649
0.962032
0.982345
0.973506
0.221458
0.103804
0.151598
0.926791
0.990558
0.71487
0.644447
0.760817
0.863696
0.992915
0.963874
0.996982
0.992191
0.993063
0.74987
0.357542
0.762065
0.915312
0.909322
0.998787
0.970877
0.982219
0.99655
0.980291
0.997737
0.990767
0.995469
0.872788
0.967295
0.990795
0.99276
0.998652
0.970212
0.520758
0.912397
0.804858
0.961111
0.975707
0.825817
0.943618
0.878672
0.121757
0.925994
0.888793
0.900938
0.93157
0.824193
0.830542
0.542015
0.8486
0.5941
0.322407
0.129809
0.256687
0.293393
0.0552183
0.10888
0.75721
0.325245
0.0870734
0.0859583
0.641754
0.387695
0.997337
0.783268
0.80768
0.940621
0.986542
0.356876
0.329352
0.0658481
0.472626
0.143076
0.0458062
0.140096
0.757958
0.684061
0.629016
0.664052
0.391775
0.982937
0.996731
0.998543
0.974388
0.995249
0.992444
0.078487
0.319263
0.502679
0.892238
0.891865
0.428846
0.757368
0.916156
0.922619
0.944947
0.855598
0.960326
0.991246
0.991011
0.997386
0.993874
0.99664
0.949072
0.974493
0.184522
0.422153
0.782091
0.870172
0.931922
0.984118
0.839592
0.709068
0.962869
0.885652
0.957849
0.771373
0.973755
0.93091
0.980469
0.895362
0.870061
0.602152
0.462775
0.776558
0.385023
0.723296
0.433023
0.324631
0.849011
0.64942
0.234989
0.334487
0.107007
0.049898
0.704944
0.248763
0.631997
0.429371
0.178652
0.449697
0.889873
0.754784
0.556588
0.848143
0.921222
0.64084
0.91288
0.929148
0.851917
0.69327
0.226316
0.912705
0.611319
0.663086
0.634457
0.794079
0.469827
0.691377
0.21984
0.864883
0.894019
0.959032
0.837547
0.717866
0.682456
0.419097
0.65381
0.634494
0.794544
0.483138
0.731468
0.678145
0.896326
0.832372
0.773301
0.33097
0.650119
0.999999
0.999895
0.999991
0.999986
0.999999
0.846811
0.998092
0.997607
0.989455
0.98841
0.982354
0.993892
0.981885
0.952615
0.510596
0.475433
0.93717
0.279652
0.715272
0.401747
0.092847
0.145283
0.212633
0.0844361
0.198646
0.253526
0.722187
0.428058
0.0461025
0.0700239
0.188349
0.995952
0.963543
0.987634
0.994742
0.997681
0.994546
0.81236
0.718791
0.978677
0.905407
0.945121
0.968889
0.937925
0.908222
0.93027
0.94466
0.841735
0.899626
0.985342
0.962937
0.961031
0.751309
0.753753
0.0961909
0.123653
0.354452
0.0449779
0.182769
0.209247
0.996448
0.997183
0.993978
0.986509
0.996354
0.992544
0.976659
0.183025
0.39922
0.519087
0.201531
0.340484
0.498745
0.773954
0.847643
0.859049
0.869409
0.811662
0.86703
0.82394
0.927363
0.274956
0.679275
0.590296
0.324946
0.936546
0.956299
0.987121
0.856974
0.645651
0.866015
0.940414
0.802212
0.999137
0.995336
0.997558
0.999171
0.995774
0.943944
0.866694
0.863267
0.98692
0.998103
0.992095
0.594666
0.271208
0.169547
0.665395
0.770274
0.564939
0.767537
0.900539
0.841002
0.974757
0.886485
0.967888
0.827826
0.934564
0.12222
0.334941
0.796662
0.578671
0.999601
0.999985
0.939425
0.996778
0.997342
0.9997
0.999996
0.99996
0.999669
0.998057
0.712249
0.986746
0.0991173
0.221384
0.901871
0.251729
0.689405
0.968191
0.92865
0.738877
0.996992
0.913466
0.992421
0.793073
0.975236
0.999299
0.990799
0.998601
0.311548
0.508996
0.302041
0.222274
0.629514
0.57607
0.557462
0.521215
0.538529
0.246691
0.589166
0.869015
0.753345
0.192868
0.466507
0.90827
0.972925
0.87875
0.912633
0.77021
0.937898
0.639597
0.21993
0.221772
0.736375
0.942064
0.912255
0.663817
0.17445
0.991345
0.998911
0.999615
0.821886
0.949461
0.896067
0.996777
0.994505
0.993949
0.999335
0.998678
0.985986
0.0854449
0.605137
0.0566702
0.453024
0.42921
0.925791
0.834687
0.957785
0.879127
0.620011
0.207561
0.584391
0.595471
0.372468
0.862177
0.749167
0.860634
0.943014
0.979286
0.319826
0.566332
0.808955
0.878963
0.981724
0.966271
0.899946
0.995685
0.547356
0.756829
0.983472
0.27166
0.708595
0.681353
0.818041
0.980827
0.804681
0.832025
0.750129
0.789912
1
1
1
1
0.999932
0.999983
1
1
0.166347
0.0560787
0.265418
0.144528
0.139277
0.469442
0.487878
0.721666
0.937765
0.758547
0.789335
0.869001
0.735915
0.956626
0.942552
0.93541
0.98855
0.987709
0.999896
0.999988
0.999873
0.999967
0.999483
0.999718
0.996182
0.999934
0.996673
0.990306
0.439652
0.655808
0.258351
0.754485
0.85684
0.731298
0.692282
0.277841
0.984365
0.840888
0.729066
0.861077
0.488839
0.756943
0.761704
0.715871
0.429783
0.918966
0.99975
0.832246
0.839656
0.999627
0.84116
0.824469
0.989685
0.991419
0.995303
0.996517
0.999996
0.999784
1
0.99956
0.998637
0.994536
0.959422
0.991947
0.772292
0.27073
0.286888
0.653668
0.701423
0.326649
0.724803
0.693776
0.274828
0.266834
0.239688
0.985166
0.992915
0.997112
0.999561
0.997128
0.994042
0.998949
0.991723
0.998748
0.193517
0.759443
0.54262
0.853113
0.6641
0.94223
0.91649
0.483198
0.421661
0.871245
0.937702
0.484487
0.747923
0.798858
0.972398
0.881867
0.942055
0.317144
0.482029
0.261459
0.974962
0.444519
0.849533
0.683077
0.809243
1
1
1
0.864136
1
1
1
1
1
1
0.80685
0.851294
0.997769
0.343196
0.462154
0.590065
0.264386
0.273183
0.415037
0.573648
0.837185
0.728693
0.630844
0.984729
0.69467
0.630468
0.734679
0.753967
0.646263
0.862617
0.680499
0.894403
0.885065
0.820069
0.9134
0.234792
0.965734
0.935627
0.999446
0.993499
0.99831
0.999955
0.280699
0.194178
0.976038
0.983261
0.99936
0.999815
0.999163
0.996766
0.769265
0.950694
0.835301
0.615563
0.770433
0.77089
0.768374
0.743039
0.807603
0.998757
0.993621
0.994192
0.991122
0.998979
0.363577
0.812596
0.99772
0.138105
0.863413
0.805913
0.722551
0.962574
0.819148
0.841018
0.576614
0.65384
0.788356
1
1
0.999999
1
0.817314
0.793734
0.803971
0.999476
0.994103
0.993313
0.191013
0.163072
0.369099
0.524622
0.497656
0.696039
0.472263
0.701949
0.894447
0.944687
0.999668
0.0659817
0.0801327
0.189024
0.955086
0.993066
0.990906
0.230367
0.165611
0.477697
0.72298
0.804057
0.18611
0.395718
0.516577
0.0900198
0.411986
0.11508
0.40339
0.658384
0.122499
0.136844
0.0427823
0.189824
0.188038
0.365433
0.261851
0.68174
0.270956
0.072458
0.17912
0.378211
0.0787587
0.623227
0.27711
0.972567
0.809227
0.717805
0.892261
0.894447
0.0531541
0.0518615
0.0858405
0.707275
0.0578822
0.073672
0.183217
0.148575
0.349754
0.668211
0.843207
0.920193
0.220981
0.186256
0.57237
0.652082
0.198917
0.0880089
0.187451
0.244016
0.61541
0.0978015
0.0923291
0.802481
0.762322
0.744309
0.900162
0.58905
0.759407
0.431786
0.314348
0.848579
0.996175
0.997996
0.999825
0.999676
0.999823
0.999909
0.969774
0.990434
0.819453
0.948883
0.993351
0.886965
0.971932
0.839675
0.120162
0.541494
0.809376
0.790605
0.603257
0.0934467
0.953643
0.967976
0.997556
0.789898
0.370938
0.0570763
0.230417
0.178004
0.999996
0.999326
0.399503
0.763536
0.720823
0.628656
0.257669
0.592968
0.659792
0.208798
0.143681
0.0626854
0.0976028
0.189986
0.769799
0.920826
0.239249
0.426499
0.0828583
0.528591
0.539324
0.761738
0.976429
0.977705
0.287222
0.0449416
0.129993
0.11211
0.289516
0.709892
0.0446125
0.0990881
0.392094
0.707292
0.902913
0.387212
0.75526
0.572953
0.181809
0.801123
0.157125
0.124146
0.133367
0.0479266
0.467396
0.952958
0.77523
0.894841
0.860752
0.960649
0.284302
0.41193
0.0937317
0.896664
0.70698
0.753042
0.91348
0.849345
0.970852
0.948615
0.916128
0.925615
0.646465
0.624579
0.37096
0.795896
0.64719
0.93649
0.725654
0.315053
0.595124
0.999817
0.998921
0.999786
0.922404
0.832583
0.347575
0.617256
0.792615
0.846638
0.79041
1
1
0.0602255
0.140389
0.516921
0.69991
0.925432
0.937494
0.999962
0.999838
0.999831
0.997811
0.970107
0.94709
0.88665
0.88598
0.454746
0.754792
0.481375
0.183197
0.974013
0.992823
0.999775
0.998624
1
0.9999
0.999989
0.999991
1
1
1
0.999967
0.999465
0.999556
1
1
1
1
0.954679
0.955953
0.928136
0.981578
0.99997
0.915402
0.449273
0.731056
0.719262
0.452607
0.831587
0.977763
0.926561
0.939065
0.981908
0.999697
0.999667
0.999514
0.878128
0.897678
1
1
0.83958
0.960223
0.982718
0.97974
0.983031
0.999996
0.334648
0.639353
0.968169
0.443325
0.63774
0.205472
0.167335
0.614251
0.831991
0.580279
0.207996
0.553311
0.559317
0.378646
0.668862
0.822217
0.0649245
0.180333
0.479128
0.185634
0.701859
0.771579
0.452269
0.865947
0.866281
0.952741
0.986632
0.952954
0.901049
0.999481
0.907426
0.942036
0.974695
0.184078
0.182541
0.763026
0.531414
0.887465
0.768435
0.797728
0.813837
0.91175
0.687785
0.102129
0.988566
0.992539
0.999167
0.990361
0.99849
0.999475
0.961736
0.984893
0.991507
0.721515
0.319736
0.90289
0.176095
0.276076
0.144452
0.147645
0.886038
0.921694
0.675946
0.711532
0.849865
0.814385
0.978426
0.762531
0.86369
0.446135
0.999196
0.244683
0.77838
0.642321
0.640862
0.998832
0.983445
0.99599
0.672126
0.884111
0.999536
0.996593
0.99999
0.953993
0.988514
0.491816
0.897724
0.999596
0.99959
0.975811
0.997133
0.999344
0.984667
0.938027
0.946911
0.896403
0.974202
0.954432
0.999518
0.999931
0.979882
0.977487
0.872644
0.82911
0.667954
0.96419
0.915012
0.9791
0.894268
0.304128
0.512598
0.720521
0.369967
0.841347
0.327205
0.869954
0.997039
0.958564
0.69825
0.874712
0.792907
0.959757
0.981589
0.924959
0.738081
0.636717
0.258276
0.65624
0.241502
0.204458
0.131547
0.176385
0.932095
0.980761
0.97898
0.903481
0.952797
0.974808
0.0593987
0.446367
0.169832
0.158234
0.318219
0.185853
0.228103
0.660804
0.954024
0.978641
0.931057
0.930986
0.950827
0.767073
0.913633
0.725406
0.813726
0.280903
0.539433
0.107739
0.270474
0.628298
0.831881
0.89718
0.691894
0.463592
0.888094
0.918057
0.768737
0.778732
0.780554
0.807797
0.144581
0.0522541
0.404063
0.53589
0.671273
0.786789
0.425376
0.208874
0.734705
0.803559
0.607966
0.796729
0.192868
0.775616
0.843773
0.953042
0.976595
0.348963
0.669449
0.948165
0.981947
0.939479
0.53509
0.820379
0.898164
0.852807
0.885302
0.769445
0.846029
0.851335
0.357417
0.558508
0.0556757
0.1563
0.710677
0.708737
0.848411
0.4149
0.945663
0.9024
0.97144
0.56227
0.0665884
0.176714
0.938821
0.731074
0.882293
0.999975
0.999741
0.986973
0.994228
0.997492
0.976379
0.985687
0.941481
0.99997
0.999885
0.9998
0.999687
0.999284
0.995933
0.987293
0.702204
0.931194
0.967836
0.924112
0.998043
0.991871
0.994782
0.999133
0.586789
0.950111
0.974964
0.910755
0.53003
0.377991
0.412132
0.170999
0.407879
0.458068
0.165661
0.402541
0.246422
0.237865
0.38216
0.831182
0.883522
0.241926
0.589408
0.631137
0.215978
0.718081
0.972353
0.696425
0.25645
0.996651
0.115029
0.863238
0.897997
0.782457
0.745861
0.547194
0.179117
0.197767
0.503526
0.120518
0.127528
0.0448272
0.353312
0.476255
0.0694017
0.581784
0.867376
0.735472
0.999994
0.999744
0.999165
0.998205
0.978827
0.942742
0.987035
0.992041
0.991484
0.97091
0.976103
0.988255
0.952787
0.246472
0.249181
0.635573
0.919988
0.893177
0.876859
0.999079
0.992429
0.998695
0.999403
0.842156
0.996812
0.835444
0.806258
0.799518
0.9347
0.965943
0.911852
0.831008
0.918279
1
0.85102
0.873408
0.800508
1
0.89352
0.758426
0.823352
0.910679
0.949097
0.626873
0.999027
0.999098
0.993772
0.998797
0.960373
0.819549
0.822502
0.844659
0.994578
0.897005
0.84941
0.949239
1
1
0.406009
0.605407
0.238097
0.892939
0.76533
0.503262
0.809961
0.911117
0.785318
0.394088
0.94565
0.916682
0.881903
0.97838
0.946946
0.907416
0.956106
0.93657
0.139211
0.405735
0.965647
0.915266
0.860317
0.970635
0.949156
0.93301
0.791195
0.949615
0.930887
0.341464
1
0.999998
0.880285
0.43245
0.689703
0.462158
0.370415
0.703988
0.882888
1
0.988268
0.987448
0.999987
0.979694
0.99478
0.973343
0.9275
0.812114
0.978742
0.995768
0.987376
0.994709
0.847822
0.953331
0.846184
0.95464
0.863233
0.853251
0.958798
0.871954
0.955133
0.943142
0.67603
0.815245
0.336194
0.170424
0.501445
0.999793
0.093442
0.0482748
0.336691
0.108103
0.485632
0.191781
0.0457011
0.0423078
0.191294
0.57076
0.486037
0.154167
0.350645
0.130409
0.740638
0.437537
0.578457
0.856124
0.299546
0.250194
0.92239
0.960569
0.999008
0.999857
0.999598
0.999951
1
1
1
1
0.8252
0.89814
0.928086
0.979553
1
1
1
1
1
1
0.999998
0.999922
0.991959
0.968383
0.996554
0.99822
0.998717
0.714913
0.791224
0.757758
0.865129
1
0.999997
1
1
0.999976
1
0.999983
0.664962
0.853526
1
0.998035
1
1
1
1
1
1
1
0.988165
0.998334
0.988285
0.986731
0.998132
0.997522
0.999504
0.99965
0.999781
0.997348
0.999537
0.997851
0.999972
0.999999
0.15036
0.0552452
0.410859
0.160521
0.644126
0.281609
0.731247
0.604035
0.420857
0.202883
0.220945
0.527358
0.539834
0.689879
0.962924
0.548616
0.886071
0.231312
0.236156
0.336621
0.455443
0.615947
0.803979
0.753318
0.979238
0.993781
0.995098
0.997719
0.998287
0.992215
0.997794
0.992537
0.998821
0.986058
0.994915
0.996331
0.429547
0.740191
0.999669
0.997941
0.999942
0.99966
0.999997
0.999993
1
1
1
1
1
0.999998
0.999971
0.942388
0.985046
0.976784
0.984913
0.996472
0.994233
0.99681
0.999786
0.999559
0.999947
0.999977
0.999748
0.998896
0.998159
0.996015
0.993919
0.962741
0.837497
0.820279
0.927794
0.985947
0.962396
0.907239
0.999542
0.999461
0.999821
0.996824
1
1
0.805185
1
1
1
0.860276
0.884664
0.845712
0.866133
0.815876
0.781957
1
1
1
1
0.12674
0.328531
0.796164
0.632854
0.685305
0.239277
0.25147
0.279823
0.958346
0.847565
0.225806
0.613788
0.602714
0.814893
0.846837
0.841488
0.968927
0.933549
0.667114
0.787606
0.979288
0.893761
0.937786
0.82317
0.677599
0.372821
0.813886
0.597887
0.953035
0.986078
0.984852
0.973486
0.984992
0.909077
0.960673
0.86939
0.920111
0.837859
0.454973
0.74086
0.73002
0.37154
0.0416999
0.117693
0.137571
0.227716
0.579957
0.517159
0.210388
0.61254
0.168313
0.332916
1
0.999999
0.999997
0.999667
0.99909
0.998205
0.999991
0.99999
0.999627
0.999336
0.99791
0.999915
0.995972
0.999978
0.999956
0.999929
0.999992
0.999993
0.995835
0.999528
0.995439
0.883407
0.998582
0.996954
0.978947
0.993445
0.992222
0.955187
0.993946
0.990108
0.979702
0.992549
0.959903
1
1
1
1
1
1
0.862128
0.845547
0.863141
0.953487
0.988568
0.989879
0.979116
0.915385
0.999058
0.999863
0.999999
0.999035
0.999879
0.999999
0.999986
1
1
1
1
0.622395
0.249769
0.639187
0.241037
0.624902
0.254614
0.902821
0.214309
0.242898
0.611127
0.552195
0.502958
0.236979
0.982169
0.956708
0.989505
0.754043
0.831667
0.834313
0.862439
0.972468
0.87991
0.877831
0.941394
0.834379
0.99969
0.999951
0.999972
0.999957
0.994412
0.956952
0.978712
0.999754
0.85443
0.80959
0.818929
0.824492
0.893963
1
1
1
1
1
0.832454
0.949892
0.923144
0.857225
0.947161
0.852271
0.999316
0.98949
0.99993
0.999993
0.996988
0.998619
0.999743
0.855574
0.990125
0.977999
0.831088
0.459688
0.655856
0.772015
0.745676
0.87512
0.903851
0.949442
0.903817
0.96278
0.967961
0.973362
0.966023
0.915564
0.866844
0.596643
0.691851
0.724947
0.850529
0.860567
0.544707
0.988263
0.999613
0.764613
0.818637
0.850148
0.782877
0.223369
0.338571
0.0496203
0.855483
0.868334
0.795688
0.484836
0.678969
0.787508
0.690696
0.112469
0.631852
0.623102
0.710309
0.999934
0.748021
0.999996
0.459653
0.807066
0.742431
0.423677
0.809224
0.8992
0.718367
0.890732
0.999999
0.999854
0.996941
0.999778
0.99985
0.999419
0.296373
0.613614
0.852552
0.21343
0.453421
0.86461
0.767126
0.699892
0.249177
0.462426
0.840294
0.937662
0.172835
0.737622
0.684885
0.424761
0.18051
0.47375
0.0717454
0.199183
0.683552
0.838615
0.994817
0.996218
0.923471
0.967188
0.985712
0.983271
0.977662
0.922849
0.921462
0.978259
0.981245
0.941116
0.910454
0.968362
0.870414
0.845305
0.866294
0.454841
0.710875
0.744786
0.962311
0.989394
0.318289
0.31129
0.440519
0.237195
0.601972
0.252016
0.657297
0.766287
0.89532
0.999977
0.999995
0.999626
0.99925
1
1
0.24717
0.119077
0.774265
0.769778
0.610763
0.26471
0.882087
0.870233
0.669842
0.191021
0.99817
0.995076
0.980784
0.99798
0.997388
0.999648
0.999906
0.996376
0.988217
0.999068
0.99855
0.996294
0.994769
0.999479
0.998159
0.999811
0.99682
0.999354
0.0970308
0.979904
0.828616
0.949074
0.887905
0.871744
0.977286
0.990944
0.762349
0.948508
0.043314
0.601095
0.965022
0.730916
0.974778
0.930366
0.893821
0.416854
0.732389
0.829839
0.274024
0.115647
0.155913
0.0452316
0.913228
0.658439
0.880144
0.975541
0.994278
0.743473
0.90374
0.146848
0.0777899
0.783789
0.73265
0.907764
0.816417
0.877346
0.781211
0.628141
0.971658
0.948222
0.875763
0.980874
0.93617
0.93473
0.930045
0.171921
0.713838
0.265204
0.267278
0.56485
0.959314
0.929916
0.983749
0.998399
0.946098
0.992709
0.995804
0.724262
0.945066
0.351318
0.973304
0.905181
0.988649
0.98068
0.446495
0.753058
0.921258
0.752271
0.99215
0.984249
0.927931
0.998595
0.996675
0.896571
0.960218
0.8705
0.998339
0.998444
0.993333
0.995691
0.962792
0.853143
0.928773
0.972004
0.952051
0.968439
0.955147
0.948506
0.681904
0.709375
0.674479
0.937796
0.890175
0.874657
0.92039
0.671974
0.691691
0.496332
0.817263
0.439126
0.983862
0.963211
0.991202
0.449866
0.999682
0.996871
0.946625
0.985883
0.948577
0.0710758
0.589451
0.165728
0.717814
0.198733
0.236112
0.706476
0.555663
0.158903
0.688985
0.972292
0.982795
0.968999
0.21707
0.192218
0.88465
0.911389
0.70567
0.341238
0.24137
0.9106
0.82328
0.950908
0.867439
0.511037
0.638297
0.942958
0.245199
0.555787
0.708917
0.747082
0.39998
0.736046
0.235707
0.205761
0.57325
0.121713
0.709105
0.765421
0.868848
0.446052
0.928986
0.996302
0.984232
0.859273
0.883544
0.955371
0.921229
0.603809
0.750983
0.14288
0.0511901
0.733067
0.65172
0.247281
0.686263
0.186497
0.0447987
0.490955
0.785641
0.679463
0.194855
0.0802904
0.817652
0.868287
0.641122
0.257377
0.646341
0.877996
0.743206
0.818027
0.195225
0.991851
0.98614
0.980859
0.982643
0.967284
0.582439
0.897221
0.567296
0.990284
0.981534
0.265208
0.631752
0.324332
0.680323
0.374304
0.7897
0.808404
0.943681
0.916653
0.952181
0.976026
0.998634
0.984433
0.983696
0.996718
0.838241
0.893749
0.736889
0.256132
0.254738
0.773628
0.464084
0.833654
0.996984
0.998431
0.999886
0.999087
0.756626
0.937491
0.721387
0.699182
0.984511
0.985664
0.999651
0.998732
0.999516
0.999904
0.704475
0.737997
0.962555
0.970726
0.881624
0.987464
0.978559
0.963519
0.966941
0.988216
0.902731
0.492274
0.969008
0.917109
0.957186
0.993931
0.99879
0.999072
0.995375
0.999482
0.997573
0.997778
0.999442
0.99755
0.994454
0.920236
0.820751
0.918112
0.766783
0.66757
0.515199
0.900717
0.795565
0.757741
0.911606
0.471534
0.130311
0.717008
0.716134
0.518006
0.549789
0.907095
0.962253
0.874551
0.86092
0.230519
0.701669
0.26227
0.687081
0.242736
0.637771
0.0451671
0.831961
0.99479
0.258251
0.355282
0.692352
0.99692
0.991617
0.996338
0.969458
0.995786
0.998841
0.645943
0.579574
0.819713
0.984942
0.849945
0.999488
0.961666
0.372106
0.656484
0.256944
0.249039
0.989459
0.94694
0.74607
0.998192
0.986538
0.957744
0.999088
0.999779
0.998762
0.999805
0.997657
0.509805
0.310517
0.293485
0.982564
0.912087
0.839392
0.453041
0.239717
0.892373
0.715829
1
1
0.987274
0.997036
0.998514
0.991227
0.99658
0.982747
0.0585592
0.478842
0.669429
0.772485
0.642598
0.988945
0.977845
0.939362
0.999417
0.999746
0.632466
0.588886
0.869872
0.966631
0.911823
0.963477
0.992082
0.983957
0.999941
0.917326
0.882043
0.694013
0.985305
0.143373
0.135026
0.999503
0.12965
0.0737768
0.172602
0.207717
0.991085
0.996585
0.96584
0.229397
0.190845
0.640044
0.859094
0.185935
0.999395
0.999763
0.825878
0.830142
0.850892
0.989019
0.978027
0.951468
0.967347
0.72224
0.776591
0.972427
0.988302
0.999712
0.881428
0.912426
0.987883
0.384934
0.611323
0.219068
0.169924
0.566151
0.946342
0.981641
0.999326
0.997577
0.998273
0.994946
0.0856712
0.315276
0.989972
1
0.0743215
0.463848
0.225247
0.354478
0.347816
0.502898
0.931167
0.800644
0.224506
0.582736
0.223234
0.936114
0.968627
0.688975
0.774773
0.890728
0.98568
0.941145
0.357398
0.658674
0.589463
0.0976762
0.0968264
0.143327
0.157531
0.999957
0.55402
0.229297
0.542403
0.973278
0.963949
0.993016
0.949738
0.66843
0.920384
0.958455
0.983103
0.999282
0.996188
0.999973
0.999915
0.994992
0.998495
0.4584
0.954574
0.694443
0.896616
0.71897
0.972783
0.904621
0.176885
0.917218
0.962906
0.904491
0.47763
0.112747
0.132131
0.353084
0.0449306
0.223075
0.0598278
0.939567
0.95513
0.979204
0.891742
0.983686
0.0736147
1
1
1
1
0.891766
0.749889
0.902897
0.965266
0.984395
0.981758
0.997261
0.996369
0.988747
0.998196
0.987627
0.799803
0.986553
0.91247
0.98744
0.877114
0.24907
0.908061
0.977657
0.95286
0.607422
0.167927
0.374692
0.639311
0.733357
0.723304
0.294535
0.910086
0.906314
0.949444
0.915766
0.444493
0.801207
0.824219
0.909179
0.417595
0.843741
0.737352
0.835838
0.235865
0.969341
0.987836
0.966958
0.946593
0.0558816
0.958772
0.979268
0.999997
1
1
0.789607
0.653686
0.894433
0.914425
0.930148
0.818971
0.934908
0.951222
0.608355
0.819641
0.287217
0.557167
0.829242
0.457424
0.791333
0.99029
0.989751
0.960048
0.112539
0.109146
0.326886
0.746775
0.765557
0.881755
0.989575
0.976592
0.996916
0.850488
0.784391
0.949739
0.983643
0.930633
1
1
0.999908
0.999905
1
1
1
1
1
0.731244
0.960988
0.857746
0.180749
0.179306
0.479368
0.185271
0.193848
0.480549
0.6513
0.27943
0.686468
0.961784
0.986741
0.881711
0.96814
0.993434
1
1
1
1
0.926339
0.967061
0.6523
0.838689
0.957562
0.234448
0.973257
0.875312
0.88382
0.887664
0.918845
0.966934
0.791247
0.963758
0.98586
0.96231
0.920381
0.411977
0.207677
0.370865
0.653462
0.222587
0.215937
0.765692
0.697848
0.685475
0.784056
0.289726
0.873384
0.804245
0.999994
0.999994
0.999787
0.6492
0.799397
0.995788
0.99513
0.990928
0.929451
0.704192
0.696277
0.908449
0.976018
0.989884
0.996188
0.989877
0.998493
0.999346
0.999828
0.999022
0.999858
0.999346
0.959789
0.979332
0.990393
0.568152
0.77987
0.896665
0.873392
0.814055
0.999586
0.998597
0.992357
0.804386
0.196897
0.226101
0.635758
0.280078
0.252798
0.962571
0.983747
0.996606
0.987022
0.983569
0.992778
0.146788
0.200874
0.202078
0.237968
0.24001
0.999488
0.997344
0.638225
0.594333
0.483107
0.958368
0.560862
0.86935
0.853745
0.997426
0.789251
0.999316
0.999958
0.88299
0.949243
0.817775
0.533934
0.229011
0.0936496
0.981678
0.936815
0.98573
0.865585
0.222572
0.253887
0.157196
0.941014
0.951853
0.986497
0.885579
0.44792
0.343424
0.0957178
0.452821
0.463528
0.25006
0.998234
0.848138
0.880537
0.779752
0.808456
)
;
    }
}


// ************************************************************************* //
